('Adams-Colorado', 'SO2', [26.62574850299401, 22.916943521594686, 22.374570446735394, 28.195592286501377, 27.581113801452783, 20.464183381088827, 24.589941972920695, 25.912328767123288, 27.316939890710383, 26.846575342465755, 22.854794520547944, 25.065753424657533, 21.48087431693989, 22.937106918238992, 20.637860082304528, 15.458856345885634, 14.709251101321586, 12.494505494505495, 11.201183431952662, 10.40495867768595, 10.373595505617978])
('Albany-New York', 'SO2', [44.625, 32.00550964187328, 34.21369863013699, 22.071197411003237, 21.514285714285716, 20.532033426183844, 21.554878048780488, 9.87460815047022, 12.347107438016529, 10.126050420168067, 13.227397260273973, 11.525714285714285, 14.740634005763688, 16.9196675900277, 11.821917808219178, 12.953424657534246, 11.969945355191257, 12.115068493150686, 10.627397260273973, 7.6740331491712706, 8.859550561797754])
('Alexandria City-Virginia', 'SO2', [28.527322404371585, 32.84931506849315, 28.767123287671232, 31.0986301369863, 31.395604395604394, 31.972375690607734, 32.57808219178082, 25.606060606060606, 25.91988950276243, 25.87052341597796, 23.545205479452054, 23.53150684931507, 25.9672131147541, 24.873972602739727, 25.922005571030642, 25.83565459610028, 24.224376731301938, 22.466666666666665, 14.145299145299145, 15.266666666666667, 12.207977207977208])
('Barnwell-South Carolina', 'SO2', [4.282828282828283, 4.371794871794871, 4.714285714285714, 3.967123287671233, 2.980769230769231, 4.132394366197183, 4.835777126099707, 2.964071856287425, 3.0138504155124655, 2.251381215469613, 4.707042253521127, 5.526315789473684, 5.132183908045977, 5.74, 5.326027397260274, 5.482191780821918, 5.718579234972678, 5.8191780821917805, 5.906849315068493, 5.282122905027933, 2.0])
('Beaufort-North Carolina', 'SO2', [14.172131147540984, 13.71111111111111, 13.38082191780822, 11.731301939058172, 11.618055555555555, 13.476190476190476, 11.644628099173554, 9.630098452883264, 13.231778425655977, 14.73857142857143, 14.182960893854748, 14.831034482758621, 11.367892976588628, 19.06515580736544, 16.333333333333332, 14.601190476190476, 19.325513196480937, 13.98611111111111, 6.526610644257703, 6.322857142857143, 6.663865546218488])
('Beaver-Pennsylvania', 'SO2', [56.85288640595903, 58.217948717948715, 57.80801491146319, 58.43275732531931, 52.33798882681564, 54.809417040358746, 53.50875912408759, 44.16574585635359, 43.57988980716254, 47.06013986013986, 47.414768806073155, 51.60091743119266, 45.5264116575592, 48.68675799086758, 49.33550185873606, 43.90750915750916, 44.0985401459854, 43.05494505494506, 36.98992673992674, 38.40174249757987, 34.695211786372006])
('Bergen-New Jersey', 'SO2', [33.92465753424658, 33.26933701657459, 30.002747252747252, 27.511954992967652, 26.829201101928376, 22.914718019257222, 21.603498542274053, 16.93972602739726, 18.60330578512397, 14.99638336347197, 14.292906178489703, 14.758241758241759, 15.172131147540984, 15.712290502793296, 14.0, 14.217032967032967, 14.712707182320441, 14.575342465753424, 10.597733711048159, 9.275482093663912, 6.275956284153006])
('Berks-Pennsylvania', 'SO2', [43.317241379310346, 40.38356164383562, 34.68956043956044, 35.40547945205479, 31.01920438957476, 33.46952908587257, 37.53941908713693, 32.58161865569273, 33.9095966620306, 33.726256983240226, 32.623108665749655, 32.035616438356165, 30.784153005464482, 29.14246575342466, 30.24109589041096, 32.29526462395543, 30.721311475409838, 29.33150684931507, 25.114754098360656, 19.407608695652176, 17.304109589041097])
('Billings-North Dakota', 'SO2', [5.3125, 3.5514201762977473, 3.4949267192784665, 2.7124824684431976, 3.9165526675786593, 3.439068100358423, 4.8493150684931505, 5.2122370936902485, 4.558743169398907, 4.631329113924051, 2.7161290322580647, 2.4649122807017543, 2.3430232558139537, 2.1123287671232878, 2.0575342465753423, 2.2325581395348837, 1.8598130841121496, 1.1914285714285715, 0.6136986301369863, 0.9141274238227147, 0.6721311475409836])
('Blair-Pennsylvania', 'SO2', [37.671270718232044, 37.4027397260274, 38.52602739726027, 37.602739726027394, 31.0, 32.28846153846154, 36.320547945205476, 29.218232044198896, 29.762295081967213, 32.821917808219176, 27.720670391061454, 26.319327731092436, 22.35792349726776, 29.523287671232875, 25.493150684931507, 23.24931506849315, 22.953551912568305, 25.552777777777777, 22.723463687150836, 21.621917808219177, 19.92876712328767])
('Blount-Tennessee', 'SO2', [28.513286713286714, 31.20891364902507, 33.89078014184397, 26.092460881934567, 30.992354740061163, 32.994108983799705, 28.75, 29.944858420268258, 29.850282485875706, 27.49085794655415, 26.14804469273743, 22.407088122605366, 25.584362139917694, 29.825484764542935, 32.95373134328358, 36.96105702364395, 40.70177838577291, 38.58625525946704, 35.319001386962555, 28.667002012072434, 25.52420091324201])
('Boyd-Kentucky', 'SO2', [46.30357142857143, 43.96388888888889, 38.46888567293777, 40.35703918722787, 34.62328767123287, 42.78453038674033, 45.66804407713499, 37.156726768377254, 30.114799446749654, 29.1497919556172, 35.29763779527559, 33.95342465753425, 29.865384615384617, 24.01078167115903, 16.646575342465752, 17.24109589041096, 17.744505494505493, 20.964383561643835, 18.243835616438357, 17.487671232876714, 13.0])
('Bradley-Tennessee', 'SO2', [29.830601092896174, 30.58082191780822, 29.255494505494507, 23.25068870523416, 23.238805970149254, 32.129129129129126, 20.08006279434851, 24.579545454545453, 24.117486338797814, 20.093206951026858, 26.211453744493394, 31.703296703296704, 26.403846153846153, 23.323287671232876, 28.583561643835615, 25.411960132890364, 21.393491124260354, 21.544198895027623, 19.838356164383562, 19.386301369863013, 31.42737430167598])
('Bristol-Massachusetts', 'SO2', [41.26852846401719, 37.44587155963303, 33.69657724329325, 32.61791590493601, 32.299176578225065, 28.580315691736306, 24.307335190343547, 17.944241316270567, 21.016528925619834, 22.240947075208915, 24.601671309192202, 23.055555555555557, 23.401639344262296, 23.041095890410958, 20.879746835443036, 16.21727019498607, 17.724043715846996, 20.852054794520548, 19.54794520547945, 16.145205479452056, 15.136752136752136])
('Bronx-New York', 'SO2', [43.229838709677416, 50.34084507042254, 43.69620253164557, 46.760330578512395, 45.69559228650138, 43.59493670886076, 41.357142857142854, 34.73167358229599, 33.669004207573636, 31.49861111111111, 28.53835616438356, 32.384126984126986, 32.15363511659808, 32.147299509001634, 27.504814305364512, 27.35116598079561, 27.506830601092897, 28.30115273775216, 24.208219178082192, 21.166666666666668, 17.781420765027324])
('Brooke-West Virginia', 'SO2', [82.56661991584853, 81.3562874251497, 71.0701754385965, 76.39652448657188, 68.7877358490566, 70.98735955056179, 64.33566433566433, 50.64819944598338, 51.7997256515775, 52.04448563484708, 57.361111111111114, 54.798534798534796, 50.45943482224248, 50.86752529898804, 45.29147571035747, 47.209706959706956, 47.81494986326344, 47.42177493138152, 41.03382084095064, 43.21095890410959, 40.67978042086002])
('Brown-Wisconsin', 'SO2', [40.000683994528046, 34.88542621448212, 34.4089709762533, 28.083561643835615, 26.984931506849314, 17.68397291196388, 17.649315068493152, 16.35890410958904, 12.953551912568306, 15.282967032967033, 13.367403314917127, 15.280219780219781, 18.555873925501434, 17.34795321637427, 13.521739130434783, 16.8801261829653, 18.07650273224044, 19.439775910364144, 22.02747252747253, 18.958904109589042, 19.975409836065573])
('Burlington-New Jersey', 'SO2', [28.858725761772853, 31.753424657534246, 30.13888888888889, 27.518005540166204, 23.04432132963989, 21.542699724517906, 19.96619718309859, 17.307692307692307, 16.557692307692307, 16.84109589041096, 16.063013698630137, 14.66027397260274, 15.275956284153006, 16.022099447513813, 14.07123287671233, 12.074585635359115, 12.923497267759563, 13.616438356164384, 12.389041095890411, 10.101369863013698, 8.587431693989071])
('Butler-Ohio', 'SO2', [42.14310344827586, 41.17037037037037, 43.750350631136044, 37.913286713286716, 33.296023564064804, 32.92054794520548, 32.824657534246576, 23.81994459833795, 28.853994490358126, 29.60821917808219, 29.05734265734266, 28.878620689655172, 29.25, 27.858516483516482, 27.734246575342464, 27.053867403314918, 27.62704918032787, 27.376033057851238, 21.66851595006935, 19.324175824175825, 15.62087912087912])
('Cabell-West Virginia', 'SO2', [34.666666666666664, 31.37142857142857, 30.90119760479042, 30.844444444444445, 26.47142857142857, 27.04432132963989, 29.104109589041094, 21.328767123287673, 23.237704918032787, 21.172602739726027, 20.356164383561644, 20.075, 21.062841530054644, 17.2090395480226, 17.786301369863015, 17.72876712328767, 19.152974504249293, 18.349030470914126, 16.681318681318682, 16.29945054945055, 18.87123287671233])
('Calcasieu-Louisiana', 'SO2', [10.360655737704919, 10.706849315068494, 12.289693593314762, 12.72549019607843, 15.62534435261708, 19.87292817679558, 15.887671232876713, 15.532763532763532, 18.510928961748633, 12.93972602739726, 13.463013698630137, 17.93972602739726, 19.193989071038253, 14.117808219178082, 19.665753424657535, 20.805479452054794, 13.169491525423728, 13.404692082111437, 11.624657534246575, 10.345205479452055, 9.961432506887052])
('Cambria-Pennsylvania', 'SO2', [57.41971830985916, 53.66942148760331, 48.15702479338843, 52.70958904109589, 45.86538461538461, 48.69806094182825, 46.010989010989015, 40.63013698630137, 37.49025069637883, 33.07202216066482, 32.93539325842696, 31.175342465753424, 26.684931506849313, 29.93820224719101, 26.863013698630137, 28.245179063360883, 27.21606648199446, 27.986149584487535, 26.790633608815426, 22.717032967032967, 23.046448087431695])
('Camden-New Jersey', 'SO2', [30.6900826446281, 29.806362378976488, 25.9875173370319, 25.568493150684933, 21.97111416781293, 22.174690508940852, 23.017906336088153, 18.135616438356163, 17.35, 15.65843621399177, 15.54931506849315, 14.983561643835616, 15.706284153005464, 16.421917808219177, 16.27823691460055, 15.4171974522293, 13.803030303030303, 13.859353023909986, 12.276478679504814, 11.54317548746518, 8.60410094637224])
('Campbell-Kentucky', 'SO2', [36.87158469945355, 39.09340659340659, 35.594900849858355, 35.26367461430575, 30.940157480314962, 40.00824175824176, 36.824657534246576, 26.057534246575344, 31.12256267409471, 30.56986301369863, 32.80494505494506, 26.63013698630137, 30.505464480874316, 24.607954545454547, 21.91160220994475, 25.130193905817176, 26.40449438202247, 28.46556473829201, 21.84285714285714, 18.642045454545453, 14.918767507002801])
('Charleston-South Carolina', 'SO2', [15.348936170212767, 13.115546218487395, 14.754512635379061, 12.379710144927536, 12.255417956656347, 10.451895043731778, 9.928257686676428, 10.179970972423803, 9.973684210526315, 10.986033519553073, 10.580779944289693, 8.180891719745222, 10.771470160116449, 9.469359331476323, 9.767277856135403, 8.847945205479451, 9.85499316005472, 9.745454545454546, 9.214285714285714, 7.731673582295989, 7.3497267759562845])
('Chatham-Georgia', 'SO2', [21.99718309859155, 16.741405082212257, 11.191549295774648, 9.011204481792717, 9.044817927170868, 10.198863636363637, 13.113636363636363, 20.622837370242216, 19.420974889217135, 16.527190332326285, 12.355608591885442, 15.926905132192847, 16.685792349726775, 18.191103789126853, 19.30691642651297, 14.735080058224163, 18.106351550960117, 21.53922967189729, 16.179063360881543, 15.964936886395511, 15.547814207650273])
('Chautauqua-New York', 'SO2', [58.876363636363635, 56.21546961325967, 52.67307692307692, 45.19652173913043, 35.73413566739606, 36.650887573964496, 34.603550295857985, 27.883369330453565, 29.338461538461537, 27.653424657534245, 29.417721518987342, 33.53372434017595, 34.30054644808743, 35.27222832052689, 30.578146611341634, 28.544568245125348, 21.561475409836067, 16.405777166437414, 12.902606310013718, 12.436213991769547, 10.974504249291785])
('Chemung-New York', 'SO2', [20.264462809917354, 18.265917602996254, 16.487671232876714, 17.284931506849315, 17.797814207650273, 18.16986301369863, 14.934246575342465, 12.61917808219178, 12.11830985915493, 10.293413173652695, 9.664835164835164, 11.312328767123288, 11.524590163934427, 11.394520547945206, 10.567039106145252, 12.419075144508671, 10.417127071823204, 9.703296703296703, 9.241095890410959, 9.269972451790634, 7.7650273224043715])
('Clark-Ohio', 'SO2', [23.743093922651934, 23.016438356164382, 23.642659279778393, 20.52892561983471, 19.42896174863388, 21.386301369863013, 22.123287671232877, 14.88365650969529, 16.328729281767956, 17.34065934065934, 15.846575342465753, 16.112328767123287, 17.07945205479452, 15.106849315068493, 17.443835616438356, 16.60968660968661, 17.05191256830601, 15.164383561643836, 11.556164383561644, 10.526027397260274, 8.095890410958905])
('Clinton-Iowa', 'SO2', [71.44594594594595, 56.651026392961874, 57.532876712328765, 39.76873857404022, 31.300236406619387, 33.95521023765996, 28.185567010309278, 19.051449953227316, 18.26775956284153, 18.609302325581396, 13.787819253438114, 16.69041095890411, 19.898907103825138, 9.31304347826087, 9.408219178082192, 7.495890410958904, 8.868715083798882, 13.306629834254144, 9.715469613259668, 8.986301369863014, 5.972299168975069])
('Columbiana-Ohio', 'SO2', [62.940677966101696, 65.92876712328767, 71.01152737752162, 73.61583011583012, 52.99315068493151, 33.80958904109589, 42.18493150684932, 40.74002751031637, 43.69821673525377, 40.273381294964025, 39.676783004552355, 42.19166666666667, 41.47107438016529, 45.73121387283237, 38.35068493150685, 34.603305785123965, 36.55464480874317, 32.16434540389972, 26.55678670360111, 26.545205479452054, 27.64804469273743])
('Contra Costa-California', 'SO2', [8.272602111060118, 8.568727845608507, 8.697821782178218, 8.819081551860648, 7.634387351778656, 8.861974046401887, 7.847547503314185, 7.261505376344086, 7.088602654176425, 7.835686274509804, 8.080329153605016, 7.36662749706228, 6.339711050370949, 6.481607887751233, 7.24002799160252, 6.384295960739902, 6.477576711250983, 6.421538461538462, 7.249398556535685, 6.158121330724071, 5.558421258304025])
('Cook-Illinois', 'SO2', [33.288045183558204, 31.054837693034983, 28.726112667289136, 35.26757441418619, 25.896921773510307, 25.776942355889723, 25.24249356591364, 20.537923313741953, 21.011451474377328, 23.33781307269395, 23.74032202809181, 26.90921690921691, 25.550600343053173, 19.952623335943617, 17.607535321821036, 18.500457875457876, 20.065098039215687, 16.954524575103353, 16.172671970051475, 13.78690036900369, 12.385898046688899])
('Cuyahoga-Ohio', 'SO2', [50.395879732739424, 58.18774157923799, 52.3396331295164, 52.02641933670601, 41.775757575757574, 39.09894969596462, 35.37191442676906, 25.526373626373626, 27.717127071823203, 27.668181818181818, 28.267738359201775, 28.757559098405718, 23.647933884297522, 24.172013274336283, 20.97147558968733, 22.776965265082268, 19.243484224965705, 24.753434065934066, 25.011026878015162, 25.80211267605634, 18.37928669410151])
('Dakota-Minnesota', 'SO2', [31.205781142463866, 25.067518248175183, 26.106973058637085, 20.244995233555766, 13.358390682901005, 23.91780821917808, 13.260989010989011, 12.159817351598173, 14.387005649717514, 15.008230452674898, 10.573107049608355, 8.176666666666666, 8.720333102012491, 5.487671232876712, 3.8387769284225155, 4.162742382271468, 2.5127322780454233, 2.7537931034482757, 2.8262362637362637, 2.2294402211472013, 2.1073776479181885])
('Dallas-Texas', 'SO2', [12.383877159309021, 13.346638655462185, 20.013513513513512, 9.365384615384615, 9.825136612021858, 7.089136490250697, 9.090909090909092, 8.75, 6.890710382513661, 6.358126721763085, 6.76986301369863, 6.473988439306359, 5.070224719101123, 4.635616438356164, 2.9342465753424656, 4.40934065934066, 3.566473988439306, 4.016574585635359, 3.3829201101928374, 1.7047353760445683, 2.7763578274760383])
('Davidson-Tennessee', 'SO2', [27.362116991643454, 29.900552486187845, 37.131506849315066, 37.610497237569064, 20.92349726775956, 23.096418732782368, 21.123287671232877, 17.62707182320442, 16.505494505494507, 17.073972602739726, 17.994520547945207, 15.983561643835616, 14.37431693989071, 14.397260273972602, 12.101369863013698, 11.01917808219178, 8.002732240437158, 9.854794520547944, 8.798898071625345, 7.863013698630137, 6.6502732240437155])
('Daviess-Kentucky', 'SO2', [50.19398907103825, 45.4986301369863, 42.054794520547944, 42.93956043956044, 43.4344262295082, 44.04120879120879, 40.41620111731844, 29.164383561643834, 27.67032967032967, 30.884615384615383, 29.860335195530727, 29.03305785123967, 24.27170868347339, 22.952908587257618, 21.613259668508288, 24.39178082191781, 25.407103825136613, 25.46927374301676, 20.392156862745097, 19.86994219653179, 16.720257234726688])
('Davis-Utah', 'SO2', [35.27653631284916, 38.31843575418994, 38.812849162011176, 50.2798833819242, 54.04683195592286, 36.1945205479452, 16.12876712328767, 14.128767123287671, 17.53072625698324, 14.712328767123287, 12.093150684931507, 12.008264462809917, 12.366120218579235, 10.682191780821919, 12.936986301369863, 8.855072463768115, 10.245901639344263, 10.51923076923077, 6.772602739726027, 6.575342465753424, 5.759562841530054])
('Douglas-Nebraska', 'SO2', [10.524844720496894, 9.463855421686747, 8.26027397260274, 9.68131868131868, 11.192307692307692, 10.0, 16.94632768361582, 17.847025495750707, 20.040345821325648, 19.624657534246577, 8.016713091922005, 3.8011811023622046, 2.2857142857142856, 1.0267062314540059, 2.8242857142857143, 4.293413173652695, 6.180635838150289, 8.118549511854951, 5.4475524475524475, 5.640953716690042, 3.6051912568306013])
('East Baton Rouge-Louisiana', 'SO2', [23.540389972144848, 26.85195530726257, 29.106145251396647, 28.002739726027396, 25.166666666666668, 23.101369863013698, 19.846575342465755, 20.4, 21.07650273224044, 23.692307692307693, 22.324929971988794, 20.643835616438356, 20.010928961748633, 18.505524861878452, 14.089136490250697, 15.473972602739726, 14.915300546448087, 18.450276243093924, 16.23076923076923, 13.118131868131869, 14.867036011080332])
('Eddy-New Mexico', 'SO2', [50.65204678362573, 59.019283746556475, 34.37534246575343, 38.45787545787546, 11.95046439628483, 15.610027855153204, 12.104109589041096, 10.843835616438357, 9.43526170798898, 7.832876712328767, 7.241095890410959, 8.555555555555555, 7.2650273224043715, 7.444759206798867, 4.2, 3.926027397260274, 2.7247191011235956, 0.65, 0.7747252747252747, 0.10136986301369863, 0.07432432432432433])
('Erie-New York', 'SO2', [51.64907407407407, 50.02662993572085, 45.28785046728972, 52.56117755289788, 46.588342440801455, 42.037278657968315, 42.106912442396315, 35.808432630614114, 31.64887640449438, 38.41117216117216, 36.74701011959522, 36.78839957035446, 41.3853591160221, 39.778082191780825, 37.858529819694866, 33.877747252747255, 29.543715846994534, 22.12898751733703, 16.170563961485556, 14.82488986784141, 9.994459833795014])
('Erie-Pennsylvania', 'SO2', [59.3601108033241, 58.130057803468205, 59.34453781512605, 41.75423728813559, 42.23888888888889, 42.659279778393355, 39.402234636871505, 37.770949720670394, 38.89138576779026, 38.760989010989015, 40.44903581267218, 41.31780821917808, 35.42622950819672, 35.0027397260274, 35.41551246537396, 31.68870523415978, 24.107142857142858, 29.813698630136987, 22.95054945054945, 22.488950276243095, 21.433333333333334])
('Escambia-Florida', 'SO2', [40.37158469945355, 37.01114206128134, 41.54794520547945, 37.82543103448276, 45.209366391184574, 34.48622589531681, 30.754794520547946, 18.002751031636866, 20.43232044198895, 23.731506849315068, 20.252747252747252, 20.517193947730398, 26.278082191780822, 19.85753424657534, 17.603591160220994, 16.633608815426996, 17.279538904899134, 15.926592797783934, 16.7985347985348, 16.242424242424242, 18.57377049180328])
('Floyd-Georgia', 'SO2', [7.386111111111111, 15.73150684931507, 31.726027397260275, 27.60126582278481, 26.469945355191257, 28.28409090909091, 18.172602739726027, 14.050704225352113, 16.07945205479452, 16.93628808864266, 15.550684931506849, 22.484848484848484, 19.639344262295083, 17.356164383561644, 16.991573033707866, 16.20775623268698, 18.371584699453553, 19.610958904109587, 23.5406162464986, 27.257534246575343, 21.53968253968254])
('Floyd-Indiana', 'SO2', [43.32712215320911, 41.46296296296296, 41.14049586776859, 42.320547945205476, 38.621572212065814, 42.34338521400778, 41.763862332695986, 35.255319148936174, 30.726396917148364, 27.862708719851575, 30.547486033519554, 35.330681818181816, 33.36952380952381, 26.24852071005917, 24.447946513849093, 24.466929911154985, 23.270912547528518, 27.174354243542435, 25.66543095458758, 28.186175115207373, 24.255102040816325])
('Forsyth-North Carolina', 'SO2', [26.595890410958905, 24.002820874471087, 26.742914979757085, 25.337912087912088, 22.782967032967033, 23.18082191780822, 25.417613636363637, 22.65277777777778, 24.416666666666668, 26.578512396694215, 26.167123287671235, 20.831024930747922, 21.17183098591549, 20.818181818181817, 26.324175824175825, 22.365384615384617, 23.65546218487395, 23.815181518151814, 20.667763157894736, 19.71780821917808, 13.271232876712329])
('Fountain-Indiana', 'SO2', [40.51912568306011, 35.67300380228137, 42.39944903581267, 41.40495867768595, 39.81994459833795, 39.843835616438355, 37.70798898071625, 42.212464589235125, 35.54269972451791, 35.06145251396648, 28.80952380952381, 34.8974358974359, 27.599447513812155, 26.646723646723647, 19.95959595959596, 23.779264214046822, 24.673529411764704, 32.29577464788732, 30.8231884057971, 31.337988826815643, 24.532212885154063])
('Franklin-Ohio', 'SO2', [27.606060606060606, 31.263812154696133, 26.772919605077576, 25.685595567867036, 25.351744186046513, 24.73582295988935, 22.009735744089014, 13.179063360881543, 15.05167597765363, 16.858921161825727, 17.828532235939644, 15.284340659340659, 14.826883910386965, 13.644444444444444, 15.56986301369863, 15.427397260273972, 17.304109589041097, 14.512328767123288, 12.267409470752089, 11.32054794520548, 7.39344262295082])
('Georgetown-South Carolina', 'SO2', [14.133079847908744, 11.152838427947598, 10.148148148148149, 6.430303030303031, 8.487394957983193, 8.42817679558011, 10.550143266475645, 4.1415929203539825, 8.206395348837209, 2.9944289693593316, 2.31640625, 12.330275229357799, 12.638376383763838, 9.432876712328767, 6.543417366946779, 10.394520547945206, 8.551912568306012, 8.353424657534246, 6.237822349570201, 3.8986301369863012, 4.235294117647059])
('Gibson-Indiana', 'SO2', [42.25, 37.69924812030075, 45.34075104311544, 42.233050847457626, 46.4464, 41.49162011173184, 42.522431259044865, 38.327586206896555, 35.68168604651163, 31.18687589158345, 33.803116147308785, 26.36952380952381, 28.50638977635783, 25.93212669683258, 20.4913112164297, 24.040389972144848, 27.271942446043166, 25.80148148148148, 27.958791208791208, 27.06986301369863, 16.761702127659575])
('Gloucester-New Jersey', 'SO2', [31.224657534246575, 32.11232876712329, 26.76923076923077, 25.554016620498615, 23.50958904109589, 24.325068870523417, 26.03038674033149, 19.12154696132597, 19.502777777777776, 20.043956043956044, 19.443835616438356, 17.506849315068493, 17.639344262295083, 17.70958904109589, 15.51923076923077, 15.92876712328767, 13.616666666666667, 16.445983379501385, 13.47191011235955, 12.842696629213483, 10.509589041095891])
('Grant-New Mexico', 'SO2', [32.71029411764706, 33.58701657458563, 31.21232876712329, 30.67945205479452, 27.6051912568306, 24.320970042796006, 20.094520547945205, 15.17945205479452, 13.693989071038251, 23.24590163934426, 19.04310344827586, 23.5, 17.800841514726507, 24.51552795031056, 3.098468271334792, 2.2465753424657535, 1.1685082872928176, 0.5315068493150685, 0.1574585635359116, 0.2684931506849315, 0.17647058823529413])
('Greene-Missouri', 'SO2', [37.121297602256696, 36.164819944598335, 28.950276243093924, 15.953846153846154, 19.697802197802197, 27.726027397260275, 34.412328767123284, 18.820731707317073, 31.483606557377048, 14.478021978021978, 17.541284403669724, 15.423217550274224, 19.82116788321168, 17.156164383561645, 12.064422518862449, 10.126575342465754, 10.087431693989071, 11.084978070175438, 12.042261251372118, 10.562637362637362, 15.341846758349705])
('Hampden-Massachusetts', 'SO2', [38.30607315389924, 29.67324052590874, 27.994217564148897, 27.552545539467538, 25.839944649446494, 22.619071392910634, 21.345205479452055, 18.684065934065934, 21.069060773480665, 15.565753424657535, 14.645021645021645, 14.030261348005501, 17.475409836065573, 19.645604395604394, 15.37087912087912, 16.28767123287671, 14.774725274725276, 18.476712328767125, 12.235616438356164, 10.783561643835617, 8.754098360655737])
('Hampshire-Massachusetts', 'SO2', [27.236782902137232, 24.032899246058946, 26.123949579831933, 25.740925266903915, 21.994575045207956, 19.0, 20.043875685557587, 9.065753424657535, 6.306010928961749, 14.008032128514056, 12.595567867036012, 11.35068493150685, 6.288951841359774, 9.947945205479453, 7.32054794520548, 8.734246575342466, 5.26775956284153, 7.811111111111111, 4.352617079889807, 7.073654390934844, 3.5655737704918034])
('Hampton City-Virginia', 'SO2', [27.834254143646408, 26.263157894736842, 25.504109589041096, 27.465373961218837, 24.41256830601093, 27.45054945054945, 26.523287671232875, 25.687671232876713, 23.827868852459016, 27.268493150684932, 22.997260273972604, 19.82191780821918, 21.546448087431695, 22.575342465753426, 18.17032967032967, 17.906593406593405, 20.3224043715847, 18.594520547945205, 17.980821917808218, 16.393351800554015, 14.508196721311476])
('Hawaii-Hawaii', 'SO2', [48.2312925170068, 61.188202247191015, 37.049586776859506, 47.91463414634146, 64.3168044077135, 48.70958904109589, 40.42465753424658, 69.16712328767123, 63.47945205479452, 48.632075471698116, 29.58263305322129, 31.405479452054795, 30.295890410958904, 33.81722054380665, 47.8388969521045, 56.47405329593268, 56.962848297213625, 48.72199170124481, 56.261410788381745, 30.57442455242967, 77.35821302097521])
('Hennepin-Minnesota', 'SO2', [14.58705035971223, 13.325581395348838, 14.368167202572348, 17.34862385321101, 10.595620437956205, 12.565597667638484, 12.347663551401869, 7.641095890410959, 11.363128491620111, 15.618457300275482, 14.86266094420601, 9.676204819277109, 8.565957446808511, 6.997122302158274, 6.145205479452055, 13.91825613079019, 14.587431693989071, 13.208219178082192, 9.783561643835617, 4.631736526946108, 7.536585365853658])
('Hillsborough-New Hampshire', 'SO2', [26.607536764705884, 25.392715756136184, 23.726190476190474, 20.568265682656826, 20.255963302752292, 23.52747252747253, 22.474624060150376, 16.526266416510317, 18.725162488393686, 18.762915129151292, 17.90066225165563, 16.71788990825688, 14.419125127161749, 14.061538461538461, 12.603591160220995, 17.32150776053215, 16.762295081967213, 17.72876712328767, 14.37292817679558, 14.55586592178771, 12.587912087912088])
('Hudson-New Jersey', 'SO2', [43.066206896551726, 41.78084179970973, 38.13278008298755, 34.57162534435262, 31.732316227461858, 27.635616438356163, 27.939560439560438, 22.731506849315068, 23.564245810055866, 24.553250345781468, 23.09041095890411, 21.946575342465753, 21.90013679890561, 27.102418207681367, 22.488603988603987, 24.42420027816412, 26.07377049180328, 26.06310013717421, 20.472954230235782, 14.387786259541985, 12.516923076923076])
('Jackson-Missouri', 'SO2', [22.37704918032787, 11.676136363636363, 6.410958904109589, 10.826589595375722, 8.830601092896174, 8.022346368715084, 6.379888268156424, 9.002777777777778, 10.903314917127071, 8.547945205479452, 4.022038567493113, 5.487671232876712, 8.975409836065573, 4.917582417582418, 11.4, 36.60849056603774, 28.636612021857925, 26.438356164383563, 30.252054794520546, 18.774928774928775, 32.332317073170735])
('Jasper-Indiana', 'SO2', [24.425470332850942, 22.44507042253521, 20.220815752461323, 17.56011315417256, 20.785112359550563, 17.861031518624642, 13.719613259668508, 10.93972602739726, 11.917920656634747, 14.758241758241759, 15.332413793103449, 14.445833333333333, 12.889807162534435, 12.90358126721763, 11.860273972602739, 13.978082191780821, 13.936781609195402, 17.497252747252748, 15.547222222222222, 11.112328767123287, 11.916434540389972])
('Jefferson-Missouri', 'SO2', [54.457971014492756, 56.96348314606742, 52.6144578313253, 47.28099173553719, 44.12876712328767, 45.78272980501393, 50.88767123287671, 56.07945205479452, 53.12021857923497, 39.44827586206897, 29.62291350531108, 33.2, 23.546448087431695, 21.58053691275168, 27.278761061946902, 23.774725274725274, 48.51156069364162, 51.73512747875354, 55.577903682719544, 48.02465753424657, 54.73424657534247])
('Jefferson-Texas', 'SO2', [39.49085365853659, 34.2733918128655, 35.102409638554214, 40.46262341325811, 30.945147679324894, 32.195744680851064, 30.87153284671533, 26.886871508379887, 28.21818181818182, 29.946194225721786, 30.995412844036696, 28.68198529411765, 26.61573650503202, 23.2851885924563, 20.668498168498168, 21.57077205882353, 18.49630314232902, 18.559766763848398, 23.25206991720331, 16.27861163227017, 13.812981298129813])
('Kanawha-West Virginia', 'SO2', [49.94383775351014, 51.012912482066, 46.01532033426184, 33.60606060606061, 29.449101796407184, 29.101928374655646, 35.50354609929078, 25.301136363636363, 28.51123595505618, 30.304589707927676, 33.901591895803186, 35.71111111111111, 38.14754098360656, 37.19178082191781, 33.312154696132595, 34.18956043956044, 34.631147540983605, 32.879120879120876, 36.25753424657534, 32.54246575342466, 29.42896174863388])
('Kay-Oklahoma', 'SO2', [65.50287907869482, 48.58439716312057, 59.0, 57.24126984126984, 41.74914089347079, 19.226708074534162, 20.74174174174174, 15.983561643835616, 17.55191256830601, 20.777464788732395, 14.643292682926829, 16.82136279926335, 16.748546511627907, 14.46140651801029, 14.813019390581717, 16.45014245014245, 10.69108910891089, 12.042134831460674, 8.828016643550624, 6.8474576271186445, 9.210071942446044])
('Lackawanna-Pennsylvania', 'SO2', [31.964088397790054, 29.016528925619834, 29.215384615384615, 26.830282861896837, 24.482233502538072, 21.70054945054945, 20.522222222222222, 15.112328767123287, 18.37431693989071, 17.698630136986303, 14.271232876712329, 14.021917808219179, 12.016483516483516, 14.233983286908078, 13.198347107438016, 14.276712328767124, 12.928374655647383, 13.986187845303867, 13.141274238227147, 12.793388429752065, 7.822714681440443])
('Lake-Indiana', 'SO2', [36.22071428571429, 32.61282051282051, 31.196254071661237, 31.991573033707866, 32.30103480714958, 28.507082152974505, 27.17589175891759, 25.49519890260631, 22.483425414364643, 26.05068493150685, 31.83190883190883, 28.623287671232877, 25.62674094707521, 26.34931506849315, 21.914407988587733, 19.566091954022987, 20.620218579234972, 18.493150684931507, 16.141078838174273, 19.46986301369863, 15.44382801664355])
('Lake-Ohio', 'SO2', [54.674188998589564, 48.06815020862309, 47.084840055632824, 43.50554016620499, 43.74657534246575, 51.07310344827586, 42.41289437585734, 38.29645390070922, 40.88980716253444, 35.57750342935528, 37.43543956043956, 38.56043956043956, 29.1, 29.372252747252748, 33.66575342465753, 32.87123287671233, 29.928669410150892, 34.33013698630137, 31.568275862068965, 29.910958904109588, 29.317808219178083])
('Lancaster-Pennsylvania', 'SO2', [24.530054644808743, 24.715068493150685, 24.295580110497237, 23.81267217630854, 22.83606557377049, 24.265753424657536, 23.37292817679558, 20.60335195530726, 20.86027397260274, 24.72222222222222, 24.89835164835165, 18.77260273972603, 18.005464480874316, 15.673972602739726, 17.934246575342467, 18.605479452054794, 19.688524590163933, 21.413698630136988, 21.104109589041094, 20.186301369863013, 20.159779614325068])
('Lawrence-Pennsylvania', 'SO2', [40.052486187845304, 41.175342465753424, 39.958333333333336, 38.459610027855156, 32.22950819672131, 32.637119113573405, 31.252054794520546, 29.574175824175825, 30.05191256830601, 31.677685950413224, 31.975206611570247, 33.69613259668508, 29.942307692307693, 37.58791208791209, 28.846575342465755, 30.295890410958904, 31.275956284153004, 30.167123287671235, 24.43013698630137, 26.82967032967033, 19.950819672131146])
('Livingston-Kentucky', 'SO2', [31.45, 30.876080691642652, 30.83008356545961, 35.513966480446925, 32.43098591549296, 30.969101123595507, 26.91780821917808, 23.292134831460675, 24.91643454038997, 21.54794520547945, 21.956164383561642, 19.23013698630137, 18.18082191780822, 16.564738292011018, 16.33150684931507, 15.137362637362637, 18.2103825136612, 19.312328767123287, 16.95068493150685, 14.736986301369862, 8.536423841059603])
('Lycoming-Pennsylvania', 'SO2', [27.271428571428572, 23.15934065934066, 19.287292817679557, 21.214285714285715, 20.06611570247934, 19.824175824175825, 19.343575418994412, 19.735849056603772, 19.58677685950413, 22.231197771587745, 15.793388429752065, 15.386363636363637, 15.030054644808743, 12.948328267477203, 10.9196675900277, 17.123287671232877, 12.002754820936639, 15.084931506849315, 14.900552486187845, 12.48611111111111, 10.057377049180328])
('Macoupin-Illinois', 'SO2', [24.0633608815427, 24.255494505494507, 18.02754820936639, 19.926027397260274, 17.975069252077564, 16.704109589041096, 17.96132596685083, 13.286908077994429, 14.027472527472527, 13.313186813186814, 12.236914600550964, 13.389041095890411, 10.038461538461538, 9.440771349862258, 10.013812154696133, 9.723287671232876, 7.1291208791208796, 7.554317548746518, 7.666666666666667, 6.657534246575342, 6.258953168044077])
('Madison-Illinois', 'SO2', [59.19722222222222, 56.493801652892564, 45.56041666666667, 46.72145804676754, 44.666666666666664, 42.80567081604426, 47.41409993155373, 45.5282811641955, 43.46556473829201, 36.734503565551286, 35.980595084087966, 37.32820230896097, 29.976744186046513, 28.949175824175825, 22.6527397260274, 25.010968921389395, 22.454711802378775, 24.234806629834253, 23.304307974335472, 20.904021937842778, 19.583126550868485])
('Mahoning-Ohio', 'SO2', [39.48087431693989, 39.74520547945205, 36.605479452054794, 37.34818941504178, 40.13661202185792, 38.81643835616438, 38.8986301369863, 30.372602739726027, 34.13934426229508, 30.876373626373628, 29.994520547945207, 32.553424657534244, 29.592896174863387, 27.71780821917808, 25.32054794520548, 25.75824175824176, 21.546448087431695, 22.80821917808219, 20.465753424657535, 20.78082191780822, 19.581967213114755])
('McKenzie-North Dakota', 'SO2', [14.685831622176591, 8.952566096423016, 7.5697247706422015, 5.808608058608058, 4.227062094531974, 5.306021717670286, 5.580786026200873, 3.86547811993517, 4.522765598650928, 5.143307086614173, 5.60377358490566, 4.921458625525947, 6.304644808743169, 3.783691959229898, 3.2115915363385463, 4.08364312267658, 2.733151183970856, 2.324200913242009, 2.3406392694063927, 2.5990867579908676, 2.7208029197080292])
('McMinn-Tennessee', 'SO2', [30.934246575342467, 35.320547945205476, 37.71780821917808, 31.535714285714285, 32.67164179104478, 44.9607250755287, 28.85164835164835, 25.247252747252748, 27.51366120218579, 35.02465753424657, 33.25479452054795, 37.082417582417584, 29.01095890410959, 32.9013698630137, 36.79558011049724, 30.375, 25.62049861495845, 23.751381215469614, 24.387096774193548, 21.024657534246575, 21.16056338028169])
('Meigs-Ohio', 'SO2', [55.38138138138138, 47.97513812154696, 49.75068493150685, 49.25479452054795, 43.521857923497265, 45.64971751412429, 54.972375690607734, 30.301369863013697, 31.640883977900554, 34.968023255813954, 29.326027397260273, 33.12876712328767, 29.643835616438356, 31.564383561643837, 26.35933147632312, 25.676712328767124, 26.165745856353592, 27.47382920110193, 23.92485549132948, 18.872576177285318, 18.371584699453553])
('Mercer-North Dakota', 'SO2', [12.635964912280702, 12.385673816268717, 11.89751417357174, 11.069455406471981, 15.774042220484754, 14.500392464678178, 17.798024149286498, 17.414539400665927, 18.973727422003282, 13.392243767313019, 15.272525027808676, 12.063221550302364, 11.862314865606145, 10.996708721887, 9.517279210093253, 8.757808219178083, 9.326586433260394, 8.182222222222222, 7.611964873765094, 8.292054794520547, 6.890170236133993])
('Mercer-Pennsylvania', 'SO2', [38.09659090909091, 40.422222222222224, 35.81491712707182, 30.69060773480663, 30.349726775956285, 30.678571428571427, 30.00558659217877, 27.046575342465754, 27.35792349726776, 25.826923076923077, 27.06027397260274, 26.09090909090909, 23.887978142076502, 23.545205479452054, 21.35890410958904, 22.065753424657533, 19.837016574585636, 15.244318181818182, 16.316526610644257, 17.605263157894736, 16.726114649681527])
('Merrimack-New Hampshire', 'SO2', [33.58310249307479, 34.745810055865924, 36.282967032967036, 37.16703786191537, 31.428828828828827, 31.631724137931034, 27.894582723279647, 22.33049645390071, 23.711699164345404, 21.85211267605634, 25.41678520625889, 20.182098765432098, 21.498538011695906, 23.50069156293223, 18.869077306733168, 21.62618595825427, 27.131979695431472, 25.928275862068965, 24.473354231974923, 42.90958904109589, 34.69398907103825])
('Monongalia-West Virginia', 'SO2', [48.88953488372093, 30.106849315068494, 52.221917808219175, 58.09315068493151, 51.93516699410609, 48.741573033707866, 49.193370165745854, 30.649628252788105, 29.982439926062845, 31.408088235294116, 35.14405986903648, 35.75068493150685, 35.26691380908248, 30.771844660194176, 31.812587412587412, 32.06438356164384, 32.02732240437158, 33.53941908713693, 31.343260188087775, 30.019390581717452, 25.631147540983605])
('Monroe-Missouri', 'SO2', [5.046242774566474, 10.674050632911392, 6.038011695906433, 7.462809917355372, 8.232876712328768, 9.654596100278551, 8.552777777777777, 8.728767123287671, 6.437158469945355, 8.104109589041096, 6.967032967032967, 9.405479452054795, 6.825136612021858, 3.7829912023460412, 3.9395604395604398, 4.112328767123287, 4.084699453551913, 4.761643835616439, 4.087671232876712, 6.17125382262997, 3.7607361963190185])
('Monroe-New York', 'SO2', [52.49110807113543, 54.377747252747255, 50.26008344923505, 50.9353507565337, 52.21994535519126, 46.16598079561042, 53.73698630136986, 46.14931506849315, 44.672627235213206, 43.80878186968839, 42.303496503496504, 26.785813630041723, 24.385674931129476, 25.609179415855355, 21.98904109589041, 22.00140056022409, 20.900442477876105, 15.950413223140496, 16.145205479452056, 17.204419889502763, 11.23121387283237])
('Morris-New Jersey', 'SO2', [26.346260387811633, 25.54945054945055, 23.298882681564248, 22.400552486187845, 20.064245810055866, 16.213698630136985, 18.28374655647383, 14.095890410958905, 17.14010989010989, 18.887671232876713, 15.508241758241759, 14.433333333333334, 14.557377049180328, 16.159779614325068, 13.45054945054945, 14.547945205479452, 12.687671232876712, 13.64109589041096, 11.410468319559229, 10.87912087912088, 8.146005509641872])
('Muscatine-Iowa', 'SO2', [35.09850746268657, 39.34473684210526, 48.40401146131805, 46.52320675105485, 39.70509977827051, 31.477596741344197, 37.28853754940712, 37.549668874172184, 28.43071161048689, 26.166511627906978, 29.76486733760293, 31.56799259944496, 27.224043715846996, 12.781651376146788, 14.842922374429223, 16.10237659963437, 18.539162112932605, 20.953424657534246, 18.41917808219178, 19.573002754820937, 23.956204379562045])
('Nassau-Florida', 'SO2', [30.083906464924347, 26.7239010989011, 30.121917808219177, 24.54607977991747, 21.854595336076816, 19.914835164835164, 20.2239010989011, 20.594520547945205, 20.943835616438356, 19.367123287671234, 20.482849604221634, 22.322222222222223, 36.02191780821918, 27.08219178082192, 34.035714285714285, 18.928571428571427, 16.673333333333332, 25.783536585365855, 29.37883008356546, 20.67032967032967, 17.18243243243243])
('Nassau-New York', 'SO2', [20.465671641791044, 24.966804979253112, 27.822714681440445, 26.36986301369863, 24.1, 22.58082191780822, 23.140495867768596, 16.81095890410959, 19.484931506849314, 18.01095890410959, 17.03835616438356, 19.60387811634349, 17.846153846153847, 16.691460055096417, 14.191780821917808, 15.101983002832862, 14.980874316939891, 14.659763313609467, 13.25, 11.904761904761905, 13.131147540983607])
('New Haven-Connecticut', 'SO2', [38.78742374472079, 34.41385948026949, 30.687793427230048, 29.076852698993594, 25.963653308480893, 22.84981684981685, 22.82428702851886, 17.23126142595978, 17.50943396226415, 17.47889908256881, 19.345108695652176, 18.800275482093664, 16.483333333333334, 18.094520547945205, 17.752747252747252, 14.278846153846153, 14.784636488340192, 16.32630098452883, 12.962603878116344, 11.23972602739726, 8.650862068965518])
('Niagara-New York', 'SO2', [60.22195121951219, 56.15426997245179, 51.04709141274238, 54.0, 52.35245901639344, 48.32248520710059, 42.13186813186813, 39.46648044692738, 36.52054794520548, 22.31640625, 18.938709677419354, 18.364383561643837, 18.24863387978142, 13.854794520547944, 13.021917808219179, 13.920110192837466, 10.825136612021858, 8.761643835616438, 7.955431754874652, 8.846575342465753, 6.502732240437158])
('Northampton-Pennsylvania', 'SO2', [40.71900826446281, 36.02465753424657, 35.05785123966942, 27.68326417704011, 25.05608755129959, 25.382393397524073, 27.53168044077135, 24.23763736263736, 22.026402640264028, 25.866935483870968, 21.937586685159502, 20.74373259052925, 22.76236263736264, 23.68836565096953, 20.15855354659249, 21.11917808219178, 26.016393442622952, 25.207417582417584, 24.549723756906076, 22.693681318681318, 14.4])
('Nueces-Texas', 'SO2', [15.708390646492434, 11.726141078838173, 10.131396957123098, 12.560801144492132, 15.855714285714285, 12.466386554621849, 9.034848484848485, 10.867903930131005, 7.2409356725146194, 8.846041055718475, 8.498572787821123, 7.9161230195712955, 7.524334251606978, 7.889409559512652, 6.852157943067034, 7.496336996336996, 7.378870673952641, 5.517840805123513, 3.2377880184331795, 2.275161588180979, 3.722376973073352])
('Onondaga-New York', 'SO2', [13.842105263157896, 13.579831932773109, 11.698630136986301, 11.558739255014327, 11.986338797814208, 12.235616438356164, 11.893939393939394, 11.335164835164836, 10.054794520547945, 8.726027397260275, 7.642857142857143, 7.212885154061625, 8.005464480874316, 9.471783295711061, 8.172602739726027, 9.7013698630137, 8.057377049180328, 7.383561643835616, 6.6219178082191785, 6.808219178082192, 6.033057851239669])
('Orange-California', 'SO2', [13.877911079745942, 12.2, 7.516023007395234, 6.496780128794848, 5.359744990892532, 5.551376146788991, 6.65521978021978, 6.817808219178082, 2.9620991253644315, 3.128767123287671, 4.555865921787709, 6.227397260273973, 5.46448087431694, 4.346938775510204, 5.553424657534246, 3.8926553672316384, 4.798319327731092, 4.080779944289693, 4.144475920679887, 2.919667590027701, 3.3278688524590163])
('Orange-Florida', 'SO2', [7.508196721311475, 6.750684931506849, 5.704109589041096, 7.371900826446281, 7.612637362637362, 10.216438356164383, 7.983561643835617, 4.997260273972603, 7.030054644808743, 6.83013698630137, 8.24931506849315, 7.639118457300276, 7.525, 6.2555555555555555, 4.0, 3.665753424657534, 3.359550561797753, 3.281767955801105, 2.8465753424657536, 2.052054794520548, 1.5437158469945356])
('Palm Beach-Florida', 'SO2', [2.645776566757493, 9.083333333333334, 7.2, 9.389041095890411, 13.087431693989071, 19.900849858356942, 14.110803324099724, 8.825484764542937, 12.081967213114755, 5.375342465753425, 1.8269230769230769, 2.6140845070422536, 2.7257617728531858, 1.415977961432507, 1.3863013698630138, 0.9069069069069069, 0.22268907563025211, 1.5870967741935484, 0.6520547945205479, 0.18356164383561643, 2.0737704918032787])
('Perry-Pennsylvania', 'SO2', [14.656346749226007, 15.884931506849314, 14.950413223140496, 16.356164383561644, 14.41340782122905, 16.835164835164836, 18.681318681318682, 14.838356164383562, 15.482093663911845, 11.989010989010989, 11.56986301369863, 10.071428571428571, 9.887052341597796, 9.224657534246575, 10.107142857142858, 14.623955431754874, 10.98360655737705, 10.617079889807162, 8.75068493150685, 10.08011049723757, 11.07967032967033])
('Philadelphia-Pennsylvania', 'SO2', [40.834892680242156, 40.848706686188386, 41.023265142398714, 34.88997338065661, 31.57478122513922, 32.73059866962306, 35.54451038575667, 24.606563706563705, 26.57999302892994, 24.806108442004117, 19.733954451345756, 20.336507936507935, 20.047389558232933, 22.303470540758678, 17.911463187325257, 19.118959107806692, 17.280685920577618, 16.48156956004756, 14.112419700214133, 14.885230479774224, 11.445234708392602])
('Pike-Indiana', 'SO2', [32.86834733893557, 43.87586206896552, 41.916666666666664, 47.73278236914601, 49.62048192771084, 55.04109589041096, 51.629834254143645, 40.743589743589745, 36.778688524590166, 36.49586776859504, 34.929618768328446, 44.47445255474452, 28.107042253521126, 46.49315068493151, 38.43922651933702, 36.45753424657534, 35.77049180327869, 31.2986301369863, 35.395604395604394, 34.78670360110803, 42.32763532763533])
('Pima-Arizona', 'SO2', [6.766423357664234, 5.137878787878788, 6.744827586206896, 6.0394922425952045, 6.116598079561043, 6.736379613356767, 5.86624203821656, 5.149584487534626, 4.656593406593407, 5.7962382445141065, 4.7753424657534245, 5.345403899721449, 6.0194986072423395, 3.0602739726027397, 4.53972602739726, 5.087671232876712, 5.390710382513661, 4.375342465753425, 3.536986301369863, 4.032876712328767, 3.879781420765027])
('Porter-Indiana', 'SO2', [31.85178817056396, 42.17536168347216, 35.20962363030014, 26.682995951417006, 22.50650054171181, 26.76762037683182, 22.89021479713604, 21.853922452660054, 23.126709206927984, 25.300917431192662, 23.839483394833948, 19.91830985915493, 23.4049815498155, 23.228150873965042, 22.0, 18.41917808219178, 18.431372549019606, 21.626373626373628, 18.627450980392158, 16.0, 21.21763085399449])
('Pulaski-Arkansas', 'SO2', [6.607142857142857, 6.8292011019283745, 8.807799442896936, 8.40495867768595, 12.40983606557377, 14.884931506849314, 10.624657534246575, 6.788461538461538, 6.923497267759563, 6.394520547945206, 5.082191780821918, 4.627397260273972, 5.370786516853933, 5.145205479452055, 6.542699724517906, 5.912328767123288, 5.504178272980502, 4.457534246575342, 6.69041095890411, 6.447802197802198, 4.527322404371585])
('Queens-New York', 'SO2', [40.618768328445746, 39.13370473537604, 35.354916067146284, 34.04507042253521, 28.8259385665529, 27.838526912181305, 29.641025641025642, 19.49579831932773, 20.934246575342467, 16.658227848101266, 19.47196261682243, 21.47075208913649, 20.19943820224719, 21.568702290076335, 20.233983286908078, 21.53150684931507, 18.262569832402235, 20.04945054945055, 16.818181818181817, 14.387481371087928, 13.262672811059907])
('Richmond City-Virginia', 'SO2', [29.394520547945206, 28.265193370165747, 23.867403314917127, 23.167123287671235, 21.502732240437158, 24.543956043956044, 21.596685082872927, 18.28219178082192, 21.71311475409836, 18.926153846153845, 20.305295950155763, 18.99171270718232, 17.92622950819672, 19.526027397260275, 17.893150684931506, 20.196675900277008, 16.120218579234972, 19.23229461756374, 15.449315068493151, 14.863013698630137, 10.486338797814208])
('Riverside-California', 'SO2', [7.683333333333334, 4.152354570637119, 3.1890410958904107, 2.2273972602739724, 2.068306010928962, 3.589041095890411, 4.983561643835617, 3.778082191780822, 3.30327868852459, 4.21021021021021, 4.8054794520547945, 5.504109589041096, 4.3898809523809526, 3.5013698630136987, 1.2514124293785311, 5.490358126721763, 7.2782874617737, 7.558904109589041, 3.0684931506849313, 3.2724458204334366, 1.989071038251366])
('Rockingham-New Hampshire', 'SO2', [31.65753424657534, 33.60164835164835, 27.024725274725274, 24.61049723756906, 24.715846994535518, 23.887052341597798, 22.764542936288088, 19.686274509803923, 19.81741573033708, 24.61111111111111, 21.521613832853024, 23.609756097560975, 13.722222222222221, 16.617021276595743, 20.822535211267606, 17.13186813186813, 16.756830601092897, 17.444751381215468, 15.509589041095891, 13.219178082191782, 12.747945205479452])
('Sacramento-California', 'SO2', [15.466386554621849, 13.127835051546391, 8.618257261410788, 8.828677839851025, 4.0, 2.601769911504425, 2.973076923076923, 3.0392561983471076, 4.886896551724138, 4.853760445682451, 6.196793002915452, 7.813583815028902, 8.709125475285171, 6.489421720733428, 3.98079561042524, 4.2027586206896554, 2.6775106082036775, 2.544951590594744, 2.534435261707989, 2.2643835616438355, 1.6526138279932547])
('Salt Lake-Utah', 'SO2', [61.865176640230715, 55.61573373676248, 56.935668334524664, 47.24372759856631, 47.151709401709404, 44.72792937399679, 32.895272727272726, 19.61922714420358, 12.420183486238532, 10.598196392785571, 9.045714285714286, 10.376383763837639, 11.63410138248848, 12.034418604651163, 12.507892293407613, 11.832710280373831, 12.526258205689278, 13.35390549662488, 11.431627906976745, 10.164192949907235, 9.82218148487626])
('San Bernardino-California', 'SO2', [8.250128139415684, 6.617004048582996, 7.9989253089736705, 5.546742209631728, 4.366371681415929, 3.902786377708978, 4.456259062348961, 4.709039548022599, 3.3680981595092025, 3.2223335002503757, 3.668971477960242, 5.393412625800549, 5.208757637474542, 4.6067307692307695, 4.413793103448276, 3.338303821062442, 3.5612431444241315, 4.434222631094756, 4.362888482632541, 4.149722735674676, 3.185461323392358])
('San Diego-California', 'SO2', [11.609404096834265, 10.71202236719478, 10.528703703703703, 10.583858267716536, 12.621420164770498, 9.335472043996333, 10.910174152153987, 10.775322283609576, 12.902372262773723, 10.982648401826484, 8.716279069767442, 9.863089731729879, 10.290441176470589, 10.39761248852158, 8.63003663003663, 8.114206128133704, 10.286496350364963, 8.683962264150944, 8.634034766697164, 6.334946757018393, 5.989503816793893])
('San Francisco-California', 'SO2', [5.905817174515235, 9.528767123287672, 6.430985915492958, 7.328220858895706, 7.445355191256831, 6.323287671232877, 3.5153203342618387, 5.5917808219178085, 4.879781420765028, 4.806094182825484, 4.076712328767123, 6.038356164383561, 6.046448087431694, 5.7315068493150685, 5.86027397260274, 6.06027397260274, 6.354092526690391, 4.468809073724008, 5.2465753424657535, 3.778082191780822, 4.03013698630137])
('San Luis Obispo-California', 'SO2', [12.492453884851873, 16.260926573426573, 15.355154841238729, 13.133333333333333, 9.461108286731063, 4.660746003552398, 5.204293628808864, 14.38163481953291, 20.262536873156343, 19.508691674290944, 19.933566433566433, 19.83139534883721, 19.51772063933287, 18.237241379310344, 18.637015781922525, 17.517723880597014, 19.301832208293153, 11.070707070707071, 14.55281207133059, 8.30958904109589, 2.33879781420765])
('Sangamon-Illinois', 'SO2', [37.51585014409222, 37.603125, 40.46779661016949, 47.04109589041096, 38.57534246575342, 35.80508474576271, 38.350828729281766, 36.347945205479455, 37.76111111111111, 35.94490358126722, 40.25895316804408, 38.43681318681319, 29.582417582417584, 19.523287671232875, 20.07945205479452, 18.846575342465755, 18.771587743732592, 19.115068493150684, 15.69889502762431, 18.421917808219177, 19.55464480874317])
('Santa Barbara-California', 'SO2', [4.322416789199305, 3.406010147001431, 2.671808185705559, 2.4523489932885907, 2.581340912890821, 2.1972003499562556, 2.3021827000808406, 2.3106060606060606, 1.7358455541117506, 1.466315172817809, 1.0053916004540295, 1.349814585908529, 1.4910961614562723, 1.5831702544031312, 1.5724381625441697, 1.6696779261586803, 1.4113418530351438, 1.2523547880690737, 1.2043052837573385, 1.02782131661442, 1.6281800391389432])
('Santa Cruz-California', 'SO2', [2.7539432176656153, 0.7604790419161677, 0.4273972602739726, 0.273972602739726, 0.47058823529411764, 5.785714285714286, 3.907258064516129, 2.9421965317919074, 2.801948051948052, 1.2916666666666667, 2.5232876712328767, 2.265753424657534, 2.6285714285714286, 4.178082191780822, 3.756164383561644, 3.6906077348066297, 3.098901098901099, 3.0179640718562872, 3.4136986301369863, 3.1095890410958904, 3.5824175824175826])
('Scioto-Ohio', 'SO2', [38.653179190751445, 30.598130841121495, 30.384615384615383, 26.405479452054795, 23.80327868852459, 25.28099173553719, 27.816091954022987, 18.54985754985755, 15.751366120218579, 19.953424657534246, 18.30958904109589, 25.375342465753423, 25.527322404371585, 28.767123287671232, 20.567123287671233, 14.884931506849314, 17.24888888888889, 19.706849315068492, 14.870319634703197, 12.676699029126214, 12.102914389799636])
('Scott-Iowa', 'SO2', [13.140350877192983, 24.422750424448218, 23.222695035460994, 18.91983122362869, 19.101806239737275, 15.720221606648199, 15.99702380952381, 16.493150684931507, 12.206944444444444, 13.136363636363637, 16.91780821917808, 14.624657534246575, 12.71584699453552, 7.041095890410959, 7.942465753424657, 6.605479452054794, 6.814705882352941, 9.387673956262425, 6.038356164383561, 3.010958904109589, 2.541208791208791])
('Shelby-Tennessee', 'SO2', [34.61323763955343, 33.86778398510242, 36.02777777777778, 33.17052023121387, 35.69315403422983, 32.53283582089552, 27.876068376068375, 18.47460757156048, 12.793388429752065, 18.988940092165898, 17.686184812442818, 18.113188976377952, 16.381873727087576, 13.225311601150528, 12.300456621004566, 14.693014705882353, 15.17161410018553, 12.763513513513514, 14.82119914346895, 13.220833333333333, 6.114754098360656])
('Suffolk-Massachusetts', 'SO2', [42.32174277335567, 37.4885993485342, 32.91331757289204, 32.294786358290864, 31.565322580645162, 31.47171314741036, 28.137534680935396, 20.892270724869842, 21.228515625, 23.953174603174602, 24.54819749216301, 21.673775671406002, 18.83479020979021, 16.5475910693302, 13.757183326588425, 14.897852028639619, 12.715281003251278, 11.996777163904236, 9.504108264862252, 10.993081180811808, 9.298375870069606])
('Suffolk-New York', 'SO2', [33.95441595441596, 35.74193548387097, 28.701657458563535, 28.753424657534246, 25.495890410958904, 23.527624309392266, 20.548209366391184, 16.54722222222222, 24.831460674157302, 22.558659217877096, 22.163888888888888, 21.462025316455698, 21.088659793814433, 16.041322314049587, 15.621917808219179, 16.663013698630138, 21.465753424657535, 23.20054945054945, 14.502762430939226, 13.624309392265193, 15.948087431693988])
('Summit-Ohio', 'SO2', [56.933450087565674, 51.40165631469979, 47.327853881278536, 47.528978840846364, 50.579800498753116, 56.01966292134831, 43.43287671232877, 36.75378266850069, 33.82395382395382, 38.8744769874477, 40.59670781893004, 42.71900826446281, 38.154371584699454, 42.23383768913342, 41.667125171939475, 37.98219178082192, 32.48497267759563, 31.05890410958904, 27.377747252747252, 15.386301369863014, 13.364754098360656])
('Tulsa-Oklahoma', 'SO2', [39.83655274888559, 33.72316384180791, 42.950980392156865, 42.51571428571429, 42.200557103064064, 30.650655021834062, 20.797450424929178, 32.91728212703102, 26.681286549707604, 33.7287899860918, 45.62690707350902, 34.36901408450704, 23.164383561643834, 28.779166666666665, 22.446601941747574, 28.321775312066574, 32.803646563814866, 29.843706777316736, 21.185414091470953, 13.094009216589862, 20.289156626506024])
('Tuscarawas-Ohio', 'SO2', [64.68913857677903, 61.57272727272727, 60.67493112947658, 61.47323943661972, 45.46994535519126, 61.55654761904762, 58.61344537815126, 49.69230769230769, 29.215846994535518, 33.07945205479452, 34.58904109589041, 30.270194986072422, 29.297814207650273, 25.205479452054796, 30.175342465753424, 33.1142061281337, 33.030386740331494, 33.73876404494382, 26.898843930635838, 26.96398891966759, 23.898907103825138])
('Union-New Jersey', 'SO2', [41.307162534435264, 39.17130919220056, 33.800554016620495, 31.196428571428573, 30.177197802197803, 25.344444444444445, 25.188965517241378, 20.03601108033241, 20.84899845916795, 19.871900826446282, 19.92137931034483, 20.76027397260274, 21.15573770491803, 21.302197802197803, 20.386459802538788, 21.92787794729542, 21.102459016393443, 20.31095890410959, 15.529655172413793, 14.7995337995338, 11.186915887850468])
('Vanderburgh-Indiana', 'SO2', [40.4681861348528, 44.71170313986679, 45.13289962825279, 42.565298507462686, 41.702803738317755, 40.86392694063927, 42.36470588235294, 35.21001926782274, 35.15041493775934, 35.79835390946502, 32.365303244005645, 17.664374140302613, 15.385892116182573, 11.626027397260273, 11.358620689655172, 16.187412587412588, 19.290055248618785, 19.64010989010989, 10.723287671232876, 11.02664796633941, 12.648686030428768])
('Vigo-Indiana', 'SO2', [39.62708719851577, 39.29819694868239, 47.51671309192201, 43.99173553719008, 30.84952120383037, 35.46767537826685, 38.983561643835614, 29.376373626373628, 34.74211248285322, 25.569060773480665, 29.380222841225628, 29.970740103270224, 31.395953757225435, 29.722535211267605, 22.136363636363637, 26.224376731301938, 24.218579234972676, 24.936022253129348, 23.012328767123286, 22.01655172413793, 24.904371584699454])
('Wabash-Illinois', 'SO2', [32.65659340659341, 28.485401459854014, 34.866851595006935, 35.69315068493151, 33.150273224043715, 36.84965517241379, 37.229901269393515, 32.598052851182196, 29.3099173553719, 25.087257617728532, 23.88646967340591, 26.579646017699115, 23.230014025245442, 21.333819241982507, 20.230661040787624, 18.518575851393187, 18.51764705882353, 21.780112044817926, 22.40387275242047, 18.369318181818183, 17.113387978142075])
('Washington-Pennsylvania', 'SO2', [47.18395573997234, 49.439834024896264, 46.48696844993141, 51.16019900497513, 51.65229885057471, 47.86902485659656, 44.70829450139795, 38.28911253430924, 38.41203281677302, 42.74314442413163, 42.6045871559633, 38.99816513761468, 36.22495446265938, 36.73034734917733, 33.99540018399264, 35.02742230347349, 33.55970829535096, 35.5045871559633, 29.617781851512373, 29.566574839302113, 24.04678899082569])
('Wayne-Michigan', 'SO2', [38.53323741007194, 37.7853170189099, 36.743898853278445, 31.389388489208635, 26.590699017908722, 28.43661573288059, 27.756013745704468, 23.667233560090704, 25.58706615247701, 22.67669384312623, 28.985956216439487, 32.2202747513027, 29.513719512195124, 26.352141400407884, 24.454918032786885, 25.523121387283236, 24.479853479853478, 24.01489757914339, 22.38197026022305, 22.590476190476192, 21.872495446265937])
('Wayne-West Virginia', 'SO2', [74.86035686578744, 65.82119205298014, 61.13390804597701, 57.02093663911846, 49.706877113866966, 50.70231532524807, 48.03167701863354, 44.88506538196834, 38.074504442925495, 43.01514108740537, 40.845378151260505, 42.987671232876714, 41.61338797814208, 39.19476944253269, 33.45942228335626, 32.48730964467005, 28.527322404371585, 27.839269406392695, 26.589041095890412, 21.834246575342465, 16.73972602739726])
('West Baton Rouge-Louisiana', 'SO2', [37.20765027322405, 35.11602209944751, 31.063013698630137, 37.38356164383562, 35.90633608815427, 23.745205479452054, 38.27272727272727, 36.347945205479455, 35.06284153005465, 36.276712328767125, 32.04696132596685, 31.665753424657535, 35.29234972677595, 33.72176308539945, 39.96398891966759, 31.736986301369864, 35.32513661202186, 39.97534246575343, 29.978021978021978, 29.911428571428573, 27.804469273743017])
('Williams-North Dakota', 'SO2', [28.458279845956355, 30.3, 35.4984375, 25.89177489177489, 9.057949479940564, 11.521557719054242, 8.405479452054795, 7.778082191780822, 9.337431693989071, 11.864383561643836, 8.473011363636363, 12.60958904109589, 12.150837988826815, 12.542897327707454, 13.313617606602476, 12.95068493150685, 13.887978142076502, 16.705801104972377, 9.094637223974763, 9.355182926829269, 10.354166666666666])
('Wood-West Virginia', 'SO2', [64.8268656716418, 68.58, 61.9873417721519, 59.96866096866097, 56.934285714285714, 59.08115942028986, 66.91340782122904, 46.778082191780825, 47.32692307692308, 49.64109589041096, 58.16164383561644, 56.443835616438356, 48.95628415300546, 42.55068493150685, 43.71506849315068, 42.9972602739726, 45.21584699453552, 40.94692737430167, 35.295890410958904, 38.85479452054795, 35.59016393442623])
