('Alamosa-Colorado', 'PM2.5', [14.864406779661017, 16.20212765957447, 17.817204301075268, 15.875, 13.196078431372548, 12.931372549019608, 14.368932038834952, 11.70873786407767, 13.485436893203884, 13.029411764705882, 13.069306930693068, 13.12621359223301, 14.954128440366972, 12.53448275862069, 15.403669724770642, 15.88135593220339, 12.788135593220339, 11.912280701754385, 12.296610169491526, 11.939655172413794, 12.815126050420169])
('Blount-Tennessee', 'PM2.5', [47.48717948717949, 48.78888888888889, 51.27173913043478, 42.82608695652174, 47.54368932038835, 47.7, 44.65263157894737, 43.32692307692308, 46.11538461538461, 46.10679611650485, 49.59, 50.3469387755102, 45.257425742574256, 41.275, 39.325, 39.20168067226891, 40.275, 41.126126126126124, 39.771186440677965, 41.59322033898305, 34.17355371900826])
('Brewster-Texas', 'PM2.5', [26.65, 26.465346534653467, 25.12, 22.26732673267327, 20.405940594059405, 23.673267326732674, 24.93, 23.54945054945055, 28.791666666666668, 23.611650485436893, 29.377551020408163, 31.147368421052633, 28.64, 25.298969072164947, 24.75, 24.25862068965517, 20.794871794871796, 22.647058823529413, 21.752136752136753, 22.630769230769232, 21.326666666666668])
('Cochise-Arizona', 'PM2.5', [20.141025641025642, 16.674698795180724, 17.757575757575758, 16.666666666666668, 15.096774193548388, 17.04123711340206, 18.91919191919192, 16.366666666666667, 17.871287128712872, 18.25, 18.02020202020202, 16.694736842105264, 17.16822429906542, 14.857142857142858, 16.41025641025641, 16.972972972972972, 17.4247311827957, 24.221739130434784, 25.0995670995671, 23.221739130434784, 24.816239316239315])
('Coconino-Arizona', 'PM2.5', [14.320512820512821, 14.155038759689923, 17.957528957528957, 16.959044368600683, 18.384976525821596, 16.84102564102564, 15.705263157894738, 13.2, 14.54140127388535, 14.521978021978022, 13.77578475336323, 16.60233918128655, 17.91063829787234, 17.154121863799283, 15.0, 16.085245901639343, 14.015337423312884, 16.440828402366865, 14.831908831908832, 18.637982195845698, 15.997109826589595])
('Culberson-Texas', 'PM2.5', [23.185185185185187, 24.340425531914892, 23.849462365591396, 19.6875, 17.5, 18.93, 21.804597701149426, 21.83157894736842, 25.21875, 22.848484848484848, 24.2, 25.27, 21.782178217821784, 21.71818181818182, 22.822033898305083, 22.34862385321101, 16.961904761904762, 18.20175438596491, 17.591304347826085, 18.78181818181818, 20.09917355371901])
('Del Norte-California', 'PM2.5', [21.87323943661972, 19.696629213483146, 20.42222222222222, 20.558823529411764, 21.607843137254903, 19.391752577319586, 17.207920792079207, 17.567010309278352, 18.9438202247191, 20.043478260869566, 14.919191919191919, 20.515463917525775, 16.040816326530614, 15.72072072072072, 15.863636363636363, 12.724770642201834, 14.256410256410257, 12.794871794871796, 15.241379310344827, 13.309090909090909, 15.814159292035399])
('Denali -Alaska', 'PM2.5', [6.691358024691358, 7.083333333333333, 12.75, 8.057692307692308, 7.3, 8.56842105263158, 7.969387755102041, 5.702127659574468, 6.554455445544554, 10.804123711340207, 5.159090909090909, 7.166666666666667, 5.372549019607843, 4.906779661016949, 5.660869565217391, 5.610169491525424, 4.5, 6.732142857142857, 5.421487603305785, 5.234782608695652, 5.495798319327731])
('District of Columbia-District Of Columbia', 'PM2.5', [58.13333333333333, 60.8375, 54.88607594936709, 62.73, 63.14705882352941, 67.03921568627452, 65.75, 56.03061224489796, 57.5, 57.71134020618557, 54.19417475728155, 56.25961538461539, 54.37755102040816, 53.22751322751323, 52.90995260663507, 49.83098591549296, 51.44106463878327, 55.331189710610936, 49.52, 49.50925925925926, 45.64678899082569])
('Elko-Nevada', 'PM2.5', [14.025641025641026, 12.820512820512821, 15.602739726027398, 11.720930232558139, 13.663157894736843, 11.21951219512195, 15.27659574468085, 9.89247311827957, 15.604938271604938, 12.73134328358209, 11.1340206185567, 13.656565656565656, 12.333333333333334, 10.552380952380952, 11.559633027522937, 10.915254237288135, 10.117647058823529, 9.364406779661017, 12.810344827586206, 14.116071428571429, 12.282051282051283])
('Flathead-Montana', 'PM2.5', [23.535211267605632, 25.112244897959183, 25.25, 22.782178217821784, 24.95145631067961, 24.65, 25.838383838383837, 20.27, 21.25242718446602, 20.297029702970296, 23.398058252427184, 21.49019607843137, 23.343434343434343, 21.36521739130435, 19.55855855855856, 22.36190476190476, 19.727272727272727, 19.68595041322314, 19.28813559322034, 22.364406779661017, 17.359649122807017])
('Garfield-Utah', 'PM2.5', [14.078947368421053, 13.29, 12.884210526315789, 12.009803921568627, 11.878787878787879, 13.366666666666667, 14.291666666666666, 11.198019801980198, 13.207920792079207, 12.638095238095238, 10.98019801980198, 11.674418604651162, 10.762376237623762, 10.94392523364486, 11.679611650485437, 9.59322033898305, 9.78448275862069, 9.91150442477876, 10.338983050847459, 12.538461538461538, 11.8125])
('Gila-Arizona', 'PM2.5', [23.433333333333334, 24.696629213483146, 21.42168674698795, 18.22222222222222, 19.615384615384617, 21.123595505617978, 19.54368932038835, 19.785714285714285, 18.918367346938776, 18.97029702970297, 17.774509803921568, 19.08080808080808, 19.906432748538013, 17.12162162162162, 17.16923076923077, 17.21276595744681, 14.095022624434389, 16.504424778761063, 16.45771144278607, 17.96685082872928, 18.25130890052356])
('Larimer-Colorado', 'PM2.5', [13.93421052631579, 15.061224489795919, 15.811475409836065, 11.983471074380166, 13.772277227722773, 13.36, 15.16, 11.279569892473118, 12.96774193548387, 11.05940594059406, 12.673469387755102, 12.0, 11.110091743119266, 13.446280991735538, 13.131578947368421, 12.991379310344827, 9.71900826446281, 11.608695652173912, 11.581967213114755, 12.538461538461538, 12.058823529411764])
('Los Alamos-New Mexico', 'PM2.5', [15.74698795180723, 17.988372093023255, 14.938271604938272, 15.695121951219512, 16.180722891566266, 16.252525252525253, 15.011111111111111, 13.133333333333333, 15.273684210526316, 15.107843137254902, 14.415841584158416, 14.833333333333334, 13.485148514851485, 12.685950413223141, 13.91304347826087, 13.464285714285714, 11.35897435897436, 11.521739130434783, 11.698275862068966, 13.88135593220339, 13.391304347826088])
('Madison-Virginia', 'PM2.5', [53.30769230769231, 42.22727272727273, 43.06060606060606, 45.60204081632653, 42.99047619047619, 46.51960784313726, 42.359223300970875, 40.077777777777776, 40.666666666666664, 42.97894736842105, 41.244680851063826, 38.81818181818182, 39.02, 38.19444444444444, 37.771186440677965, 35.580357142857146, 35.017857142857146, 35.96638655462185, 35.04587155963303, 35.53781512605042, 29.958677685950413])
('Marin-California', 'PM2.5', [28.073529411764707, 30.591397849462364, 29.726315789473684, 25.980392156862745, 27.303030303030305, 28.45098039215686, 29.365384615384617, 26.634146341463413, 29.063157894736843, 28.684931506849313, 25.75, 31.583333333333332, 25.136363636363637, 27.07920792079208, 29.195876288659793, 22.89908256880734, 23.566666666666666, 21.836206896551722, 23.286956521739132, 21.940677966101696, 25.051724137931036])
('Mariposa-California', 'PM2.5', [23.37735849056604, 18.73404255319149, 20.125, 17.833333333333332, 20.40776699029126, 17.948979591836736, 17.6734693877551, 19.479591836734695, 22.236559139784948, 20.536082474226806, 16.80808080808081, 25.747474747474747, 16.822916666666668, 16.037037037037038, 20.836206896551722, 17.347826086956523, 15.918181818181818, 15.651785714285714, 17.408695652173915, 17.841666666666665, 19.089285714285715])
('Miami-Dade-Florida', 'PM2.5', [31.4, 32.71264367816092, 32.473118279569896, 27.90721649484536, 37.779661016949156, 36.66129032258065, 36.416666666666664, 37.05681818181818, 40.91304347826087, 43.344086021505376, 53.16901408450704, 54.51923076923077, 29.275862068965516, 29.37226277372263, 35.05957446808511, 37.88940092165899, 37.38260869565217, 37.31363636363636, 29.623853211009173, 26.71171171171171, 23.772727272727273])
('Montezuma-Colorado', 'PM2.5', [11.986842105263158, 13.505154639175258, 16.38144329896907, 13.547368421052632, 11.767676767676768, 12.903225806451612, 14.356435643564357, 11.475247524752476, 15.764705882352942, 15.180722891566266, 12.55, 14.254901960784315, 13.12621359223301, 13.05607476635514, 16.867924528301888, 16.326666666666668, 11.270042194092827, 11.275555555555556, 11.891304347826088, 12.107758620689655, 12.119148936170212])
('Navajo-Arizona', 'PM2.5', [17.9375, 18.44, 19.846938775510203, 17.349514563106798, 17.458333333333332, 15.397727272727273, 15.326086956521738, 14.956989247311828, 14.272727272727273, 16.96511627906977, 14.130434782608695, 15.646464646464647, 12.804347826086957, 13.22549019607843, 15.814159292035399, 15.39622641509434, 14.051546391752577, 15.339130434782609, 14.648148148148149, 15.919191919191919, 15.486956521739131])
('Pierce-Washington', 'PM2.5', [22.805555555555557, 24.329545454545453, 23.7, 22.78787878787879, 24.384615384615383, 23.887755102040817, 22.07070707070707, 17.298969072164947, 19.051020408163264, 19.178217821782177, 18.0, 17.587628865979383, 16.16190476190476, 15.319327731092438, 14.18018018018018, 14.097087378640778, 14.568965517241379, 13.616822429906541, 20.741573033707866, 20.76300578034682, 22.138121546961326])
('San Benito-California', 'PM2.5', [25.728571428571428, 27.336734693877553, 27.54736842105263, 27.51923076923077, 25.686274509803923, 24.683168316831683, 21.702970297029704, 22.84313725490196, 21.275510204081634, 22.247524752475247, 21.26027397260274, 24.90625, 20.166666666666668, 18.982608695652175, 20.73949579831933, 16.058823529411764, 17.647540983606557, 17.752136752136753, 18.872881355932204, 17.720338983050848, 21.76271186440678])
('San Bernardino-California', 'PM2.5', [38.183673469387756, 34.46031746031746, 37.73863636363637, 32.84848484848485, 30.64423076923077, 32.01010101010101, 30.623376623376622, 29.51063829787234, 29.7816091954023, 38.0, 36.19047619047619, 35.18055555555556, 24.915730337078653, 21.720183486238533, 23.278846153846153, 21.924107142857142, 36.18100890207715, 36.25, 31.207667731629392, 29.010452961672474, 25.18148148148148])
('San Juan-Colorado', 'PM2.5', [12.453333333333333, 12.811111111111112, 14.0, 10.536082474226804, 10.847826086956522, 11.436170212765957, 12.677083333333334, 11.27, 10.96551724137931, 11.414141414141413, 11.06060606060606, 12.556701030927835, 10.880952380952381, 9.897435897435898, 9.227722772277227, 10.444444444444445, 8.59322033898305, 9.3, 9.344262295081966, 10.389830508474576, 10.444444444444445])
('San Juan-Utah', 'PM2.5', [14.287671232876713, 16.61627906976744, 16.318681318681318, 15.434343434343434, 14.5, 14.049504950495049, 14.59, 11.215909090909092, 13.626262626262626, 13.8, 12.57843137254902, 13.128712871287128, 11.928571428571429, 12.558558558558559, 15.513274336283185, 11.982300884955752, 10.358333333333333, 10.378151260504202, 10.93, 12.768595041322314, 12.372727272727273])
('Shasta-California', 'PM2.5', [14.373333333333333, 14.68421052631579, 9.795698924731182, 8.625, 11.770833333333334, 13.095744680851064, 13.925531914893616, 11.955056179775282, 12.340659340659341, 11.901098901098901, 14.988372093023257, 19.358695652173914, 10.514563106796116, 11.822429906542055, 11.89423076923077, 11.130434782608695, 10.818181818181818, 9.558558558558559, 11.457627118644067, 11.411764705882353, 21.628318584070797])
('Sublette-Wyoming', 'PM2.5', [12.5, 10.916666666666666, 11.956043956043956, 10.85, 11.072916666666666, 10.01086956521739, 11.65, 8.814432989690722, 12.336842105263157, 9.313131313131313, 11.208333333333334, 11.296703296703297, 9.703703703703704, 10.405405405405405, 10.00900900900901, 9.282051282051283, 8.258333333333333, 7.732758620689655, 10.564102564102564, 10.580357142857142, 10.752212389380531])
('Teton-Wyoming', 'PM2.5', [18.553571428571427, 15.301204819277109, 13.3125, 14.388235294117647, 14.505494505494505, 12.191489361702128, 14.59375, 11.47872340425532, 14.707865168539326, 9.593406593406593, 13.014084507042254, 12.0, 10.787878787878787, 11.81132075471698, 10.336448598130842, 9.116504854368932, 9.285714285714286, 8.0, 10.59433962264151, 11.491228070175438, 12.077586206896552])
