('Adams-Colorado', 'OZONE', [151.0, 122.0, 93.0, 90.0, 109.0, 122.0, 104.0, 104.0, 111.0, 114.0, 150.0, 114.0, 71.0, 71.0, 97.0, 84.0, 84.0, 101.0, 114.0, 127.0, 124.0])
('Adams-Illinois', 'OZONE', [161.0, 119.0, 104.0, 127.0, 132.0, 93.0, 87.0, 109.0, 147.0, 104.0, 135.0, 127.0, 109.0, 132.0, 129.0, 104.0, 74.0, 104.0, 101.0, 116.0, 77.0])
('Adams-Mississippi', 'OZONE', [161.0, 192.0, 90.0, 93.0, 106.0, 109.0, 116.0, 145.0, 127.0, 132.0, 135.0, 150.0, 154.0, 101.0, 122.0, 137.0, 101.0, 106.0, 114.0, 101.0, 80.0])
('Aiken-South Carolina', 'OZONE', [166.0, 122.0, 166.0, 87.0, 114.0, 132.0, 145.0, 116.0, 164.0, 145.0, 164.0, 164.0, 172.0, 172.0, 159.0, 104.0, 122.0, 116.0, 100.0, 122.0, 124.0])
('Alameda-California', 'OZONE', [177.0, 190.0, 174.0, 142.0, 140.0, 166.0, 142.0, 200.0, 192.0, 122.0, 187.0, 201.0, 197.0, 135.0, 177.0, 147.0, 111.0, 137.0, 164.0, 140.0, 187.0])
('Allen-Indiana', 'OZONE', [218.0, 202.0, 166.0, 161.0, 172.0, 156.0, 179.0, 172.0, 154.0, 137.0, 151.0, 147.0, 156.0, 145.0, 161.0, 172.0, 122.0, 140.0, 106.0, 127.0, 97.0])
('Allen-Ohio', 'OZONE', [202.0, 174.0, 137.0, 156.0, 150.0, 142.0, 151.0, 166.0, 174.0, 137.0, 156.0, 166.0, 151.0, 135.0, 174.0, 169.0, 109.0, 135.0, 137.0, 132.0, 90.0])
('Anoka-Minnesota', 'OZONE', [203.0, 164.0, 109.0, 129.0, 140.0, 80.0, 114.0, 156.0, 84.0, 111.0, 127.0, 104.0, 109.0, 166.0, 111.0, 124.0, 90.0, 122.0, 100.0, 127.0, 54.0])
('Arlington-Virginia', 'OZONE', [245.0, 190.0, 195.0, 206.0, 151.0, 182.0, 187.0, 201.0, 127.0, 204.0, 159.0, 174.0, 156.0, 169.0, 208.0, 200.0, 164.0, 147.0, 164.0, 150.0, 172.0])
('Ashtabula-Ohio', 'OZONE', [242.0, 200.0, 147.0, 179.0, 164.0, 150.0, 129.0, 202.0, 154.0, 150.0, 195.0, 172.0, 177.0, 174.0, 182.0, 185.0, 132.0, 172.0, 159.0, 156.0, 114.0])
('Atlantic-New Jersey', 'OZONE', [229.0, 209.0, 208.0, 208.0, 195.0, 164.0, 132.0, 185.0, 156.0, 204.0, 169.0, 166.0, 159.0, 161.0, 164.0, 187.0, 111.0, 137.0, 147.0, 119.0, 101.0])
('Beaver-Pennsylvania', 'OZONE', [234.0, 174.0, 132.0, 169.0, 142.0, 169.0, 151.0, 150.0, 145.0, 164.0, 187.0, 203.0, 161.0, 164.0, 179.0, 203.0, 122.0, 169.0, 132.0, 145.0, 109.0])
('Bennington-Vermont', 'OZONE', [214.0, 174.0, 135.0, 164.0, 132.0, 159.0, 140.0, 124.0, 145.0, 154.0, 119.0, 147.0, 140.0, 145.0, 140.0, 116.0, 140.0, 114.0, 101.0, 114.0, 122.0])
('Berks-Pennsylvania', 'OZONE', [233.0, 179.0, 166.0, 190.0, 150.0, 164.0, 192.0, 197.0, 174.0, 201.0, 164.0, 202.0, 172.0, 177.0, 172.0, 177.0, 127.0, 145.0, 127.0, 137.0, 132.0])
('Bernalillo-New Mexico', 'OZONE', [169.0, 143.0, 145.0, 80.0, 101.0, 87.0, 127.0, 114.0, 122.0, 104.0, 109.0, 127.0, 122.0, 124.0, 122.0, 140.0, 104.0, 122.0, 111.0, 109.0, 90.0])
('Bexar-Texas', 'OZONE', [221.0, 190.0, 150.0, 145.0, 135.0, 140.0, 169.0, 182.0, 156.0, 151.0, 187.0, 161.0, 145.0, 137.0, 190.0, 142.0, 150.0, 140.0, 145.0, 124.0, 116.0])
('Blair-Pennsylvania', 'OZONE', [224.0, 172.0, 147.0, 154.0, 135.0, 145.0, 161.0, 154.0, 159.0, 182.0, 161.0, 166.0, 151.0, 151.0, 182.0, 172.0, 100.0, 124.0, 111.0, 104.0, 116.0])
('Blount-Tennessee', 'OZONE', [202.0, 156.0, 151.0, 127.0, 147.0, 161.0, 185.0, 203.0, 137.0, 190.0, 203.0, 203.0, 159.0, 135.0, 177.0, 151.0, 127.0, 142.0, 135.0, 151.0, 129.0])
('Boone-Kentucky', 'OZONE', [212.0, 159.0, 156.0, 137.0, 109.0, 114.0, 159.0, 169.0, 161.0, 124.0, 169.0, 151.0, 154.0, 124.0, 161.0, 135.0, 104.0, 116.0, 90.0, 114.0, 67.0])
('Bossier-Louisiana', 'OZONE', [179.0, 182.0, 174.0, 111.0, 150.0, 172.0, 124.0, 109.0, 137.0, 135.0, 159.0, 159.0, 177.0, 142.0, 111.0, 142.0, 119.0, 137.0, 135.0, 129.0, 109.0])
('Boulder-Colorado', 'OZONE', [172.0, 174.0, 122.0, 140.0, 104.0, 166.0, 114.0, 101.0, 116.0, 109.0, 151.0, 127.0, 106.0, 101.0, 127.0, 127.0, 80.0, 122.0, 129.0, 132.0, 119.0])
('Boyd-Kentucky', 'OZONE', [237.0, 208.0, 200.0, 109.0, 135.0, 151.0, 205.0, 169.0, 151.0, 192.0, 166.0, 161.0, 124.0, 140.0, 179.0, 177.0, 109.0, 129.0, 129.0, 111.0, 111.0])
('Bristol-Massachusetts', 'OZONE', [234.0, 214.0, 190.0, 203.0, 169.0, 161.0, 169.0, 204.0, 195.0, 179.0, 174.0, 192.0, 174.0, 201.0, 174.0, 201.0, 159.0, 127.0, 179.0, 127.0, 132.0])
('Broward-Florida', 'OZONE', [208.0, 172.0, 127.0, 106.0, 135.0, 154.0, 142.0, 137.0, 127.0, 114.0, 169.0, 151.0, 127.0, 156.0, 137.0, 97.0, 109.0, 116.0, 145.0, 74.0, 145.0])
('Brown-Wisconsin', 'OZONE', [169.0, 190.0, 114.0, 140.0, 93.0, 101.0, 111.0, 159.0, 156.0, 156.0, 137.0, 147.0, 129.0, 159.0, 132.0, 185.0, 106.0, 156.0, 90.0, 122.0, 84.0])
('Bucks-Pennsylvania', 'OZONE', [260.0, 209.0, 202.0, 201.0, 185.0, 201.0, 200.0, 204.0, 202.0, 205.0, 161.0, 205.0, 207.0, 202.0, 204.0, 187.0, 132.0, 156.0, 169.0, 203.0, 166.0])
('Bullitt-Kentucky', 'OZONE', [215.0, 112.0, 164.0, 140.0, 84.0, 151.0, 135.0, 174.0, 145.0, 190.0, 166.0, 161.0, 137.0, 161.0, 172.0, 101.0, 166.0, 119.0, 106.0, 122.0, 129.0])
('Buncombe-North Carolina', 'OZONE', [195.0, 143.0, 114.0, 77.0, 87.0, 93.0, 109.0, 106.0, 106.0, 106.0, 169.0, 135.0, 154.0, 124.0, 154.0, 104.0, 111.0, 124.0, 119.0, 104.0, 111.0])
('Butte-California', 'OZONE', [166.0, 154.0, 150.0, 124.0, 104.0, 119.0, 140.0, 127.0, 122.0, 90.0, 137.0, 161.0, 150.0, 135.0, 164.0, 140.0, 147.0, 124.0, 147.0, 150.0, 182.0])
('Cabell-West Virginia', 'OZONE', [233.0, 218.0, 150.0, 166.0, 116.0, 164.0, 187.0, 192.0, 164.0, 185.0, 200.0, 161.0, 124.0, 142.0, 182.0, 174.0, 114.0, 124.0, 127.0, 147.0, 101.0])
('Caddo-Louisiana', 'OZONE', [192.0, 182.0, 129.0, 142.0, 129.0, 142.0, 129.0, 145.0, 137.0, 127.0, 166.0, 137.0, 164.0, 124.0, 111.0, 127.0, 114.0, 129.0, 132.0, 140.0, 114.0])
('Calcasieu-Louisiana', 'OZONE', [201.0, 174.0, 204.0, 201.0, 145.0, 201.0, 154.0, 159.0, 122.0, 201.0, 159.0, 150.0, 150.0, 145.0, 114.0, 161.0, 129.0, 140.0, 151.0, 114.0, 101.0])
('Cambria-Pennsylvania', 'OZONE', [221.0, 164.0, 145.0, 161.0, 119.0, 142.0, 140.0, 142.0, 135.0, 192.0, 174.0, 182.0, 156.0, 151.0, 154.0, 164.0, 104.0, 127.0, 100.0, 109.0, 90.0])
('Camden-New Jersey', 'OZONE', [254.0, 220.0, 205.0, 207.0, 205.0, 204.0, 172.0, 206.0, 182.0, 205.0, 185.0, 202.0, 203.0, 202.0, 201.0, 206.0, 169.0, 159.0, 200.0, 179.0, 150.0])
('Carroll-Maryland', 'OZONE', [230.0, 185.0, 190.0, 179.0, 159.0, 185.0, 197.0, 182.0, 161.0, 169.0, 190.0, 201.0, 161.0, 174.0, 166.0, 156.0, 154.0, 140.0, 172.0, 150.0, 151.0])
('Champaign-Illinois', 'OZONE', [169.0, 147.0, 111.0, 114.0, 132.0, 100.0, 142.0, 135.0, 142.0, 116.0, 137.0, 156.0, 114.0, 97.0, 137.0, 106.0, 71.0, 109.0, 100.0, 101.0, 54.0])
('Charles-Maryland', 'OZONE', [234.0, 156.0, 195.0, 172.0, 201.0, 200.0, 137.0, 164.0, 147.0, 190.0, 195.0, 195.0, 192.0, 154.0, 192.0, 203.0, 154.0, 154.0, 159.0, 161.0, 135.0])
('Charles-Virginia', 'OZONE', [226.0, 126.0, 179.0, 151.0, 169.0, 200.0, 132.0, 145.0, 140.0, 179.0, 203.0, 205.0, 116.0, 154.0, 203.0, 159.0, 140.0, 150.0, 137.0, 137.0, 135.0])
('Charleston-South Carolina', 'OZONE', [185.0, 156.0, 58.0, 97.0, 127.0, 106.0, 80.0, 137.0, 151.0, 142.0, 111.0, 127.0, 150.0, 93.0, 135.0, 114.0, 127.0, 116.0, 135.0, 109.0, 100.0])
('Chemung-New York', 'OZONE', [213.0, 169.0, 124.0, 156.0, 119.0, 124.0, 114.0, 114.0, 142.0, 101.0, 140.0, 127.0, 137.0, 127.0, 151.0, 140.0, 87.0, 101.0, 100.0, 104.0, 122.0])
('Cherokee-South Carolina', 'OZONE', [232.0, 174.0, 109.0, 124.0, 172.0, 142.0, 142.0, 151.0, 142.0, 145.0, 174.0, 169.0, 169.0, 151.0, 179.0, 129.0, 100.0, 116.0, 137.0, 97.0, 187.0])
('Chittenden-Vermont', 'OZONE', [185.0, 150.0, 104.0, 124.0, 140.0, 135.0, 104.0, 111.0, 137.0, 100.0, 116.0, 132.0, 111.0, 116.0, 151.0, 104.0, 109.0, 119.0, 104.0, 127.0, 119.0])
('Clackamas-Oregon', 'OZONE', [227.0, 133.0, 195.0, 161.0, 156.0, 93.0, 129.0, 142.0, 203.0, 116.0, 201.0, 111.0, 87.0, 111.0, 124.0, 122.0, 122.0, 109.0, 177.0, 84.0, 122.0])
('Clallam-Washington', 'OZONE', [37.0, 49.0, 47.0, 42.0, 47.0, 46.0, 42.0, 64.0, 39.0, 44.0, 43.0, 38.0, 43.0, 43.0, 35.0, 42.0, 44.0, 58.0, 46.0, 47.0, 80.0])
('Clark-Indiana', 'OZONE', [227.0, 209.0, 185.0, 208.0, 159.0, 197.0, 201.0, 197.0, 147.0, 190.0, 207.0, 151.0, 132.0, 151.0, 169.0, 151.0, 111.0, 156.0, 142.0, 150.0, 124.0])
('Clark-Nevada', 'OZONE', [174.0, 179.0, 142.0, 111.0, 127.0, 140.0, 132.0, 116.0, 137.0, 119.0, 177.0, 142.0, 127.0, 147.0, 145.0, 147.0, 132.0, 174.0, 156.0, 137.0, 119.0])
('Clark-Ohio', 'OZONE', [230.0, 227.0, 174.0, 182.0, 154.0, 174.0, 192.0, 195.0, 185.0, 177.0, 202.0, 174.0, 197.0, 142.0, 202.0, 203.0, 132.0, 151.0, 140.0, 151.0, 137.0])
('Clark-Washington', 'OZONE', [119.0, 100.0, 174.0, 124.0, 154.0, 106.0, 190.0, 145.0, 154.0, 77.0, 116.0, 64.0, 90.0, 87.0, 93.0, 101.0, 67.0, 101.0, 100.0, 90.0, 87.0])
('Clay-Missouri', 'OZONE', [235.0, 161.0, 147.0, 142.0, 154.0, 150.0, 169.0, 204.0, 164.0, 190.0, 185.0, 150.0, 169.0, 132.0, 166.0, 164.0, 104.0, 154.0, 177.0, 159.0, 104.0])
('Clermont-Ohio', 'OZONE', [258.0, 177.0, 145.0, 147.0, 100.0, 124.0, 151.0, 202.0, 151.0, 161.0, 166.0, 201.0, 161.0, 140.0, 195.0, 174.0, 116.0, 135.0, 129.0, 145.0, 90.0])
('Cleveland-Oklahoma', 'OZONE', [140.0, 126.0, 119.0, 122.0, 100.0, 74.0, 122.0, 159.0, 122.0, 151.0, 177.0, 132.0, 129.0, 122.0, 124.0, 127.0, 116.0, 114.0, 122.0, 97.0, 87.0])
('Clinton-Michigan', 'OZONE', [206.0, 185.0, 142.0, 159.0, 174.0, 140.0, 142.0, 111.0, 93.0, 114.0, 147.0, 147.0, 122.0, 151.0, 145.0, 151.0, 109.0, 119.0, 106.0, 124.0, 106.0])
('Clinton-Ohio', 'OZONE', [206.0, 205.0, 166.0, 182.0, 129.0, 164.0, 174.0, 187.0, 187.0, 172.0, 177.0, 169.0, 187.0, 182.0, 192.0, 169.0, 129.0, 154.0, 137.0, 140.0, 129.0])
('Columbia-Oregon', 'OZONE', [140.0, 100.0, 135.0, 46.0, 90.0, 90.0, 127.0, 135.0, 122.0, 64.0, 104.0, 47.0, 71.0, 77.0, 74.0, 93.0, 54.0, 64.0, 100.0, 64.0, 67.0])
('Columbia-Wisconsin', 'OZONE', [217.0, 195.0, 111.0, 147.0, 129.0, 116.0, 97.0, 159.0, 150.0, 124.0, 111.0, 147.0, 127.0, 127.0, 129.0, 119.0, 100.0, 124.0, 90.0, 127.0, 84.0])
('Contra Costa-California', 'OZONE', [174.0, 179.0, 174.0, 132.0, 142.0, 151.0, 154.0, 197.0, 161.0, 114.0, 185.0, 203.0, 147.0, 166.0, 151.0, 124.0, 119.0, 111.0, 145.0, 114.0, 137.0])
('Cook-Illinois', 'OZONE', [285.0, 216.0, 147.0, 182.0, 201.0, 179.0, 202.0, 205.0, 202.0, 202.0, 159.0, 179.0, 122.0, 169.0, 201.0, 159.0, 132.0, 195.0, 140.0, 182.0, 93.0])
('Cumberland-New Jersey', 'OZONE', [238.0, 221.0, 206.0, 201.0, 190.0, 177.0, 147.0, 200.0, 145.0, 195.0, 164.0, 174.0, 195.0, 185.0, 185.0, 203.0, 135.0, 185.0, 151.0, 132.0, 119.0])
('Cumberland-North Carolina', 'OZONE', [216.0, 174.0, 147.0, 147.0, 140.0, 159.0, 135.0, 154.0, 159.0, 142.0, 172.0, 172.0, 156.0, 140.0, 182.0, 140.0, 122.0, 156.0, 111.0, 142.0, 119.0])
('Cuyahoga-Ohio', 'OZONE', [230.0, 164.0, 159.0, 169.0, 151.0, 172.0, 169.0, 164.0, 197.0, 150.0, 190.0, 166.0, 150.0, 159.0, 179.0, 192.0, 127.0, 156.0, 137.0, 169.0, 137.0])
('Dane-Wisconsin', 'OZONE', [187.0, 190.0, 116.0, 142.0, 129.0, 114.0, 101.0, 150.0, 135.0, 124.0, 129.0, 150.0, 104.0, 140.0, 122.0, 129.0, 93.0, 119.0, 84.0, 124.0, 84.0])
('Davidson-Tennessee', 'OZONE', [219.0, 154.0, 154.0, 122.0, 119.0, 129.0, 161.0, 161.0, 174.0, 172.0, 179.0, 169.0, 151.0, 154.0, 116.0, 124.0, 116.0, 147.0, 156.0, 161.0, 109.0])
('Davis-Utah', 'OZONE', [187.0, 227.0, 137.0, 124.0, 101.0, 122.0, 119.0, 159.0, 140.0, 119.0, 169.0, 159.0, 202.0, 185.0, 145.0, 119.0, 104.0, 182.0, 150.0, 135.0, 122.0])
('Dawson-Georgia', 'OZONE', [205.0, 192.0, 185.0, 150.0, 132.0, 169.0, 124.0, 154.0, 150.0, 132.0, 166.0, 140.0, 135.0, 132.0, 145.0, 124.0, 101.0, 135.0, 127.0, 137.0, 111.0])
('DeKalb-Georgia', 'OZONE', [247.0, 187.0, 204.0, 187.0, 187.0, 209.0, 156.0, 206.0, 202.0, 164.0, 201.0, 208.0, 209.0, 169.0, 203.0, 169.0, 192.0, 172.0, 203.0, 204.0, 156.0])
('Denali -Alaska', 'OZONE', [51.0, 44.0, 41.0, 46.0, 44.0, 45.0, 44.0, 49.0, 49.0, 46.0, 48.0, 47.0, 39.0, 54.0, 61.0, 54.0, 64.0, 46.0, 51.0, 47.0, 101.0])
('Denton-Texas', 'OZONE', [195.0, 206.0, 203.0, 47.0, 202.0, 201.0, 182.0, 202.0, 201.0, 197.0, 192.0, 205.0, 190.0, 179.0, 197.0, 159.0, 174.0, 182.0, 177.0, 177.0, 140.0])
('Denver-Colorado', 'OZONE', [190.0, 150.0, 122.0, 93.0, 135.0, 93.0, 87.0, 101.0, 106.0, 101.0, 132.0, 104.0, 106.0, 106.0, 119.0, 182.0, 74.0, 111.0, 142.0, 114.0, 127.0])
('Dodge-Wisconsin', 'OZONE', [185.0, 185.0, 119.0, 129.0, 147.0, 93.0, 100.0, 132.0, 151.0, 129.0, 135.0, 147.0, 129.0, 135.0, 142.0, 124.0, 106.0, 129.0, 101.0, 114.0, 71.0])
('Dona Ana-New Mexico', 'OZONE', [182.0, 154.0, 116.0, 97.0, 116.0, 172.0, 145.0, 140.0, 137.0, 119.0, 135.0, 164.0, 159.0, 145.0, 137.0, 137.0, 114.0, 114.0, 135.0, 124.0, 111.0])
('Duval-Florida', 'OZONE', [166.0, 159.0, 150.0, 106.0, 137.0, 142.0, 145.0, 129.0, 127.0, 150.0, 202.0, 129.0, 147.0, 119.0, 101.0, 114.0, 150.0, 127.0, 135.0, 140.0, 100.0])
('East Baton Rouge-Louisiana', 'OZONE', [220.0, 220.0, 209.0, 195.0, 182.0, 185.0, 185.0, 203.0, 190.0, 190.0, 204.0, 201.0, 203.0, 150.0, 177.0, 202.0, 187.0, 166.0, 164.0, 179.0, 119.0])
('Edgefield-South Carolina', 'OZONE', [207.0, 115.0, 140.0, 106.0, 106.0, 142.0, 145.0, 109.0, 122.0, 129.0, 197.0, 159.0, 129.0, 106.0, 164.0, 90.0, 129.0, 116.0, 90.0, 101.0, 135.0])
('Edmonson-Kentucky', 'OZONE', [209.0, 151.0, 132.0, 111.0, 104.0, 114.0, 129.0, 161.0, 147.0, 156.0, 169.0, 174.0, 156.0, 129.0, 161.0, 137.0, 90.0, 116.0, 97.0, 122.0, 93.0])
('Effingham-Illinois', 'OZONE', [203.0, 164.0, 122.0, 150.0, 129.0, 106.0, 127.0, 145.0, 166.0, 135.0, 127.0, 150.0, 122.0, 109.0, 150.0, 119.0, 97.0, 101.0, 97.0, 109.0, 84.0])
('El Dorado-California', 'OZONE', [150.0, 205.0, 111.0, 114.0, 192.0, 182.0, 172.0, 195.0, 195.0, 177.0, 205.0, 202.0, 195.0, 185.0, 209.0, 203.0, 166.0, 172.0, 200.0, 177.0, 202.0])
('El Paso-Colorado', 'OZONE', [119.0, 119.0, 93.0, 114.0, 77.0, 58.0, 67.0, 84.0, 67.0, 58.0, 93.0, 114.0, 114.0, 90.0, 97.0, 122.0, 90.0, 127.0, 109.0, 109.0, 111.0])
('El Paso-Texas', 'OZONE', [187.0, 206.0, 169.0, 127.0, 147.0, 159.0, 177.0, 174.0, 150.0, 151.0, 182.0, 127.0, 154.0, 137.0, 174.0, 127.0, 122.0, 159.0, 142.0, 114.0, 147.0])
('Erie-New York', 'OZONE', [229.0, 207.0, 174.0, 156.0, 164.0, 106.0, 119.0, 156.0, 129.0, 119.0, 156.0, 174.0, 161.0, 197.0, 195.0, 177.0, 116.0, 169.0, 127.0, 132.0, 109.0])
('Erie-Pennsylvania', 'OZONE', [222.0, 205.0, 137.0, 172.0, 172.0, 140.0, 150.0, 195.0, 145.0, 154.0, 200.0, 187.0, 151.0, 159.0, 169.0, 185.0, 119.0, 169.0, 137.0, 156.0, 109.0])
('Escambia-Florida', 'OZONE', [177.0, 150.0, 161.0, 177.0, 159.0, 150.0, 172.0, 151.0, 187.0, 156.0, 201.0, 156.0, 182.0, 137.0, 124.0, 159.0, 132.0, 129.0, 135.0, 150.0, 127.0])
('Essex-Massachusetts', 'OZONE', [241.0, 201.0, 116.0, 195.0, 161.0, 200.0, 154.0, 201.0, 140.0, 182.0, 182.0, 192.0, 135.0, 201.0, 205.0, 161.0, 142.0, 159.0, 135.0, 169.0, 145.0])
('Fairfax-Virginia', 'OZONE', [251.0, 217.0, 201.0, 213.0, 166.0, 200.0, 174.0, 203.0, 174.0, 201.0, 201.0, 200.0, 182.0, 177.0, 206.0, 204.0, 204.0, 154.0, 204.0, 150.0, 166.0])
('Fauquier-Virginia', 'OZONE', [233.0, 166.0, 140.0, 151.0, 142.0, 159.0, 156.0, 127.0, 137.0, 150.0, 172.0, 150.0, 129.0, 124.0, 137.0, 154.0, 140.0, 100.0, 145.0, 93.0, 106.0])
('Fayette-Kentucky', 'OZONE', [217.0, 203.0, 164.0, 161.0, 100.0, 172.0, 166.0, 172.0, 135.0, 150.0, 190.0, 159.0, 122.0, 140.0, 132.0, 124.0, 77.0, 111.0, 97.0, 116.0, 106.0])
('Forsyth-North Carolina', 'OZONE', [214.0, 164.0, 202.0, 145.0, 154.0, 159.0, 187.0, 192.0, 166.0, 166.0, 201.0, 187.0, 147.0, 169.0, 195.0, 169.0, 114.0, 122.0, 140.0, 151.0, 137.0])
('Franklin-Ohio', 'OZONE', [230.0, 182.0, 166.0, 200.0, 114.0, 147.0, 150.0, 182.0, 195.0, 151.0, 169.0, 187.0, 154.0, 161.0, 202.0, 206.0, 127.0, 177.0, 129.0, 147.0, 150.0])
('Fresno-California', 'OZONE', [221.0, 217.0, 201.0, 206.0, 203.0, 203.0, 190.0, 205.0, 204.0, 205.0, 208.0, 204.0, 207.0, 203.0, 207.0, 201.0, 169.0, 190.0, 195.0, 164.0, 207.0])
('Fulton-Georgia', 'OZONE', [233.0, 174.0, 179.0, 109.0, 164.0, 215.0, 172.0, 206.0, 200.0, 179.0, 209.0, 210.0, 207.0, 169.0, 201.0, 179.0, 185.0, 197.0, 202.0, 201.0, 151.0])
('Genesee-Michigan', 'OZONE', [224.0, 200.0, 156.0, 166.0, 127.0, 190.0, 142.0, 135.0, 185.0, 150.0, 192.0, 200.0, 142.0, 169.0, 154.0, 166.0, 127.0, 124.0, 119.0, 137.0, 111.0])
('Greenbrier-West Virginia', 'OZONE', [210.0, 179.0, 129.0, 205.0, 161.0, 145.0, 140.0, 147.0, 129.0, 174.0, 192.0, 127.0, 129.0, 132.0, 140.0, 132.0, 97.0, 109.0, 101.0, 111.0, 97.0])
('Greene-Missouri', 'OZONE', [182.0, 126.0, 93.0, 100.0, 135.0, 101.0, 124.0, 150.0, 124.0, 109.0, 142.0, 185.0, 124.0, 127.0, 124.0, 124.0, 101.0, 119.0, 127.0, 137.0, 109.0])
('Greenup-Kentucky', 'OZONE', [223.0, 187.0, 156.0, 192.0, 114.0, 161.0, 185.0, 150.0, 147.0, 140.0, 202.0, 177.0, 124.0, 142.0, 161.0, 147.0, 100.0, 122.0, 145.0, 127.0, 104.0])
('Guilford-North Carolina', 'OZONE', [226.0, 151.0, 177.0, 147.0, 119.0, 151.0, 166.0, 169.0, 166.0, 135.0, 166.0, 159.0, 159.0, 159.0, 200.0, 190.0, 104.0, 147.0, 132.0, 169.0, 132.0])
('Hamilton-Indiana', 'OZONE', [203.0, 195.0, 156.0, 142.0, 164.0, 166.0, 172.0, 190.0, 187.0, 203.0, 192.0, 169.0, 161.0, 169.0, 182.0, 182.0, 109.0, 156.0, 124.0, 132.0, 129.0])
('Hamilton-Ohio', 'OZONE', [222.0, 205.0, 197.0, 204.0, 142.0, 172.0, 166.0, 203.0, 161.0, 174.0, 182.0, 197.0, 161.0, 174.0, 201.0, 172.0, 124.0, 195.0, 156.0, 161.0, 145.0])
('Hamilton-Tennessee', 'OZONE', [210.0, 182.0, 169.0, 129.0, 132.0, 156.0, 177.0, 179.0, 169.0, 145.0, 201.0, 182.0, 187.0, 159.0, 192.0, 169.0, 174.0, 159.0, 145.0, 169.0, 156.0])
('Hampden-Massachusetts', 'OZONE', [240.0, 195.0, 177.0, 195.0, 174.0, 203.0, 169.0, 185.0, 147.0, 172.0, 172.0, 150.0, 137.0, 174.0, 202.0, 159.0, 145.0, 172.0, 202.0, 192.0, 127.0])
('Hampshire-Massachusetts', 'OZONE', [252.0, 230.0, 201.0, 208.0, 190.0, 179.0, 187.0, 187.0, 150.0, 202.0, 187.0, 177.0, 140.0, 202.0, 187.0, 122.0, 140.0, 164.0, 187.0, 185.0, 150.0])
('Hampton City-Virginia', 'OZONE', [205.0, 166.0, 135.0, 147.0, 190.0, 204.0, 154.0, 127.0, 132.0, 169.0, 154.0, 182.0, 132.0, 156.0, 201.0, 192.0, 124.0, 114.0, 104.0, 142.0, 132.0])
('Hancock-Indiana', 'OZONE', [202.0, 172.0, 159.0, 179.0, 147.0, 147.0, 159.0, 172.0, 185.0, 164.0, 182.0, 159.0, 156.0, 166.0, 179.0, 177.0, 104.0, 132.0, 114.0, 147.0, 106.0])
('Hancock-Kentucky', 'OZONE', [242.0, 195.0, 185.0, 142.0, 147.0, 156.0, 172.0, 164.0, 137.0, 150.0, 185.0, 164.0, 119.0, 145.0, 154.0, 111.0, 124.0, 106.0, 124.0, 129.0, 100.0])
('Hancock-Maine', 'OZONE', [226.0, 203.0, 172.0, 195.0, 159.0, 127.0, 116.0, 172.0, 154.0, 150.0, 190.0, 190.0, 154.0, 179.0, 190.0, 169.0, 122.0, 147.0, 142.0, 156.0, 106.0])
('Harris-Texas', 'OZONE', [277.0, 253.0, 222.0, 218.0, 220.0, 206.0, 209.0, 216.0, 219.0, 215.0, 222.0, 222.0, 212.0, 209.0, 212.0, 206.0, 204.0, 202.0, 205.0, 174.0, 177.0])
('Hartford-Connecticut', 'OZONE', [243.0, 223.0, 200.0, 206.0, 161.0, 200.0, 208.0, 195.0, 114.0, 209.0, 169.0, 174.0, 154.0, 197.0, 205.0, 122.0, 129.0, 169.0, 190.0, 179.0, 135.0])
('Henrico-Virginia', 'OZONE', [220.0, 177.0, 174.0, 166.0, 172.0, 156.0, 174.0, 177.0, 129.0, 169.0, 200.0, 179.0, 145.0, 182.0, 204.0, 161.0, 101.0, 150.0, 154.0, 150.0, 187.0])
('Hillsborough-Florida', 'OZONE', [161.0, 174.0, 140.0, 150.0, 124.0, 142.0, 135.0, 172.0, 169.0, 140.0, 203.0, 161.0, 140.0, 174.0, 119.0, 145.0, 122.0, 140.0, 142.0, 154.0, 161.0])
('Hillsborough-New Hampshire', 'OZONE', [217.0, 187.0, 151.0, 190.0, 145.0, 164.0, 142.0, 161.0, 142.0, 179.0, 151.0, 137.0, 137.0, 187.0, 190.0, 124.0, 154.0, 151.0, 127.0, 147.0, 129.0])
('Hinds-Mississippi', 'OZONE', [161.0, 101.0, 127.0, 116.0, 87.0, 90.0, 93.0, 109.0, 122.0, 122.0, 127.0, 145.0, 150.0, 114.0, 137.0, 97.0, 90.0, 109.0, 124.0, 100.0, 90.0])
('Honolulu-Hawaii', 'OZONE', [19.0, 19.0, 35.0, 39.0, 43.0, 43.0, 46.0, 45.0, 37.0, 42.0, 42.0, 42.0, 41.0, 39.0, 38.0, 34.0, 47.0, 39.0, 36.0, 31.0, 42.0])
('Hunterdon-New Jersey', 'OZONE', [251.0, 207.0, 207.0, 190.0, 177.0, 174.0, 159.0, 177.0, 145.0, 179.0, 159.0, 200.0, 177.0, 192.0, 200.0, 200.0, 156.0, 161.0, 145.0, 156.0, 140.0])
('Iberville-Louisiana', 'OZONE', [205.0, 204.0, 201.0, 150.0, 159.0, 150.0, 179.0, 185.0, 203.0, 200.0, 177.0, 201.0, 177.0, 156.0, 145.0, 174.0, 151.0, 174.0, 147.0, 161.0, 127.0])
('Imperial-California', 'OZONE', [182.0, 156.0, 116.0, 208.0, 201.0, 206.0, 201.0, 201.0, 201.0, 203.0, 172.0, 187.0, 195.0, 192.0, 172.0, 154.0, 137.0, 161.0, 164.0, 164.0, 145.0])
('Ingham-Michigan', 'OZONE', [201.0, 177.0, 150.0, 142.0, 164.0, 129.0, 137.0, 156.0, 137.0, 135.0, 150.0, 154.0, 127.0, 159.0, 150.0, 147.0, 104.0, 150.0, 97.0, 122.0, 100.0])
('Jackson-Mississippi', 'OZONE', [197.0, 154.0, 154.0, 164.0, 142.0, 111.0, 147.0, 124.0, 142.0, 166.0, 203.0, 154.0, 195.0, 140.0, 129.0, 151.0, 132.0, 122.0, 135.0, 132.0, 140.0])
('Jefferson-Colorado', 'OZONE', [159.0, 161.0, 151.0, 122.0, 147.0, 166.0, 132.0, 132.0, 124.0, 119.0, 169.0, 142.0, 135.0, 137.0, 142.0, 166.0, 114.0, 124.0, 151.0, 156.0, 150.0])
('Jefferson-Kentucky', 'OZONE', [225.0, 197.0, 129.0, 169.0, 127.0, 190.0, 204.0, 172.0, 179.0, 174.0, 203.0, 179.0, 166.0, 127.0, 172.0, 151.0, 145.0, 140.0, 135.0, 156.0, 135.0])
('Jefferson-Louisiana', 'OZONE', [187.0, 204.0, 127.0, 140.0, 116.0, 137.0, 147.0, 147.0, 135.0, 129.0, 166.0, 154.0, 161.0, 147.0, 124.0, 166.0, 142.0, 127.0, 150.0, 154.0, 104.0])
('Jefferson-Missouri', 'OZONE', [225.0, 182.0, 124.0, 156.0, 154.0, 166.0, 204.0, 182.0, 169.0, 185.0, 195.0, 190.0, 142.0, 137.0, 172.0, 179.0, 111.0, 161.0, 135.0, 145.0, 111.0])
('Jefferson-New York', 'OZONE', [232.0, 201.0, 111.0, 177.0, 164.0, 161.0, 132.0, 182.0, 111.0, 166.0, 161.0, 156.0, 154.0, 197.0, 197.0, 179.0, 124.0, 161.0, 104.0, 129.0, 116.0])
('Jefferson-Ohio', 'OZONE', [210.0, 192.0, 116.0, 166.0, 127.0, 161.0, 209.0, 164.0, 140.0, 147.0, 116.0, 164.0, 151.0, 140.0, 159.0, 179.0, 129.0, 147.0, 135.0, 116.0, 114.0])
('Jefferson-Texas', 'OZONE', [226.0, 212.0, 201.0, 201.0, 187.0, 195.0, 151.0, 201.0, 147.0, 187.0, 159.0, 137.0, 200.0, 172.0, 203.0, 197.0, 182.0, 185.0, 150.0, 145.0, 137.0])
('Jefferson-Wisconsin', 'OZONE', [207.0, 203.0, 145.0, 156.0, 145.0, 124.0, 114.0, 147.0, 142.0, 119.0, 127.0, 169.0, 140.0, 150.0, 137.0, 122.0, 114.0, 135.0, 97.0, 129.0, 77.0])
('Jersey-Illinois', 'OZONE', [232.0, 195.0, 174.0, 164.0, 156.0, 140.0, 137.0, 150.0, 151.0, 156.0, 164.0, 172.0, 129.0, 147.0, 187.0, 150.0, 104.0, 135.0, 119.0, 124.0, 135.0])
('Kane-Illinois', 'OZONE', [205.0, 154.0, 106.0, 177.0, 161.0, 106.0, 185.0, 187.0, 116.0, 122.0, 104.0, 124.0, 100.0, 127.0, 137.0, 106.0, 97.0, 142.0, 93.0, 116.0, 87.0])
('Kennebec-Maine', 'OZONE', [224.0, 187.0, 154.0, 200.0, 166.0, 135.0, 147.0, 111.0, 129.0, 154.0, 150.0, 129.0, 100.0, 154.0, 147.0, 127.0, 122.0, 119.0, 101.0, 132.0, 87.0])
('Kenosha-Wisconsin', 'OZONE', [265.0, 227.0, 169.0, 206.0, 210.0, 182.0, 211.0, 203.0, 203.0, 203.0, 203.0, 169.0, 135.0, 197.0, 205.0, 154.0, 154.0, 169.0, 140.0, 150.0, 106.0])
('Kent-Delaware', 'OZONE', [244.0, 201.0, 147.0, 135.0, 111.0, 169.0, 154.0, 201.0, 154.0, 203.0, 174.0, 187.0, 187.0, 185.0, 156.0, 172.0, 122.0, 129.0, 135.0, 109.0, 122.0])
('Kent-Michigan', 'OZONE', [230.0, 222.0, 185.0, 203.0, 142.0, 179.0, 202.0, 208.0, 201.0, 135.0, 156.0, 172.0, 166.0, 145.0, 159.0, 177.0, 116.0, 147.0, 172.0, 140.0, 119.0])
('Kent-Rhode Island', 'OZONE', [266.0, 219.0, 206.0, 212.0, 174.0, 179.0, 204.0, 210.0, 164.0, 177.0, 154.0, 195.0, 156.0, 202.0, 203.0, 174.0, 169.0, 156.0, 140.0, 142.0, 127.0])
('Kenton-Kentucky', 'OZONE', [253.0, 187.0, 185.0, 145.0, 122.0, 154.0, 169.0, 200.0, 174.0, 150.0, 182.0, 151.0, 169.0, 150.0, 190.0, 147.0, 114.0, 140.0, 116.0, 145.0, 111.0])
('Kern-California', 'OZONE', [223.0, 233.0, 204.0, 203.0, 200.0, 204.0, 206.0, 208.0, 209.0, 202.0, 209.0, 192.0, 201.0, 200.0, 203.0, 205.0, 205.0, 195.0, 203.0, 187.0, 203.0])
('Kewaunee-Wisconsin', 'OZONE', [229.0, 187.0, 179.0, 203.0, 109.0, 127.0, 203.0, 185.0, 179.0, 185.0, 169.0, 166.0, 132.0, 161.0, 177.0, 190.0, 119.0, 166.0, 150.0, 140.0, 97.0])
('King-Washington', 'OZONE', [187.0, 143.0, 200.0, 142.0, 147.0, 100.0, 204.0, 119.0, 161.0, 142.0, 190.0, 135.0, 127.0, 137.0, 119.0, 154.0, 129.0, 104.0, 190.0, 135.0, 140.0])
('Kings-California', 'OZONE', [202.0, 207.0, 142.0, 145.0, 106.0, 145.0, 166.0, 124.0, 203.0, 177.0, 195.0, 190.0, 187.0, 179.0, 174.0, 161.0, 147.0, 156.0, 164.0, 161.0, 204.0])
('Knox-Maine', 'OZONE', [261.0, 210.0, 206.0, 203.0, 190.0, 177.0, 151.0, 200.0, 159.0, 185.0, 166.0, 187.0, 122.0, 190.0, 154.0, 179.0, 100.0, 166.0, 111.0, 151.0, 77.0])
('Knox-Ohio', 'OZONE', [169.0, 159.0, 142.0, 150.0, 172.0, 164.0, 150.0, 172.0, 172.0, 174.0, 164.0, 179.0, 192.0, 154.0, 159.0, 192.0, 119.0, 164.0, 124.0, 132.0, 104.0])
('Knox-Tennessee', 'OZONE', [226.0, 136.0, 197.0, 151.0, 142.0, 174.0, 156.0, 179.0, 190.0, 190.0, 203.0, 192.0, 203.0, 161.0, 169.0, 161.0, 151.0, 142.0, 137.0, 202.0, 150.0])
('Lafayette-Louisiana', 'OZONE', [185.0, 140.0, 151.0, 104.0, 187.0, 111.0, 147.0, 177.0, 129.0, 150.0, 154.0, 137.0, 195.0, 124.0, 119.0, 132.0, 140.0, 135.0, 145.0, 104.0, 122.0])
('Lake-California', 'OZONE', [71.0, 49.0, 61.0, 71.0, 48.0, 90.0, 100.0, 61.0, 84.0, 67.0, 101.0, 90.0, 93.0, 67.0, 104.0, 67.0, 71.0, 71.0, 87.0, 61.0, 87.0])
('Lake-Illinois', 'OZONE', [240.0, 202.0, 140.0, 177.0, 203.0, 129.0, 202.0, 182.0, 187.0, 192.0, 179.0, 145.0, 114.0, 150.0, 201.0, 122.0, 122.0, 154.0, 124.0, 129.0, 90.0])
('Lake-Indiana', 'OZONE', [227.0, 203.0, 142.0, 154.0, 169.0, 106.0, 164.0, 206.0, 185.0, 161.0, 177.0, 166.0, 140.0, 154.0, 190.0, 164.0, 101.0, 169.0, 127.0, 147.0, 104.0])
('Lancaster-Pennsylvania', 'OZONE', [206.0, 166.0, 140.0, 179.0, 154.0, 195.0, 177.0, 197.0, 150.0, 203.0, 177.0, 201.0, 177.0, 174.0, 202.0, 203.0, 156.0, 151.0, 145.0, 142.0, 119.0])
('Lane-Oregon', 'OZONE', [203.0, 87.0, 101.0, 90.0, 124.0, 74.0, 114.0, 104.0, 154.0, 80.0, 147.0, 87.0, 90.0, 100.0, 97.0, 122.0, 101.0, 122.0, 122.0, 109.0, 77.0])
('Larimer-Colorado', 'OZONE', [187.0, 126.0, 129.0, 111.0, 119.0, 145.0, 119.0, 114.0, 109.0, 109.0, 124.0, 124.0, 135.0, 111.0, 145.0, 142.0, 101.0, 122.0, 154.0, 132.0, 114.0])
('Lauderdale-Mississippi', 'OZONE', [169.0, 122.0, 116.0, 84.0, 97.0, 93.0, 111.0, 127.0, 127.0, 119.0, 124.0, 150.0, 132.0, 119.0, 124.0, 100.0, 93.0, 132.0, 119.0, 100.0, 84.0])
('Lawrence-Pennsylvania', 'OZONE', [221.0, 169.0, 140.0, 142.0, 127.0, 197.0, 135.0, 161.0, 129.0, 150.0, 147.0, 179.0, 100.0, 142.0, 154.0, 203.0, 106.0, 129.0, 109.0, 101.0, 119.0])
('Lee-Florida', 'OZONE', [47.0, 154.0, 90.0, 101.0, 106.0, 93.0, 124.0, 100.0, 114.0, 114.0, 150.0, 132.0, 147.0, 100.0, 80.0, 132.0, 114.0, 116.0, 106.0, 104.0, 101.0])
('Lehigh-Pennsylvania', 'OZONE', [225.0, 166.0, 172.0, 179.0, 135.0, 150.0, 164.0, 169.0, 172.0, 192.0, 156.0, 201.0, 192.0, 185.0, 182.0, 179.0, 150.0, 142.0, 142.0, 140.0, 140.0])
('Lorain-Ohio', 'OZONE', [209.0, 205.0, 127.0, 145.0, 135.0, 142.0, 145.0, 161.0, 147.0, 132.0, 147.0, 192.0, 156.0, 137.0, 200.0, 147.0, 119.0, 159.0, 104.0, 122.0, 132.0])
('Los Angeles-California', 'OZONE', [298.0, 295.0, 224.0, 227.0, 240.0, 227.0, 236.0, 217.0, 214.0, 206.0, 222.0, 182.0, 213.0, 208.0, 212.0, 215.0, 208.0, 211.0, 206.0, 201.0, 207.0])
('Luzerne-Pennsylvania', 'OZONE', [213.0, 161.0, 177.0, 185.0, 129.0, 179.0, 129.0, 151.0, 150.0, 174.0, 145.0, 177.0, 177.0, 147.0, 190.0, 147.0, 114.0, 137.0, 116.0, 111.0, 140.0])
('Lycoming-Pennsylvania', 'OZONE', [197.0, 122.0, 111.0, 147.0, 111.0, 111.0, 97.0, 119.0, 147.0, 111.0, 150.0, 116.0, 154.0, 132.0, 187.0, 161.0, 119.0, 132.0, 111.0, 119.0, 135.0])
('Macomb-Michigan', 'OZONE', [237.0, 203.0, 182.0, 192.0, 135.0, 166.0, 203.0, 192.0, 154.0, 187.0, 190.0, 177.0, 137.0, 174.0, 166.0, 202.0, 119.0, 169.0, 140.0, 161.0, 122.0])
('Macon-Illinois', 'OZONE', [174.0, 164.0, 124.0, 142.0, 132.0, 119.0, 137.0, 151.0, 156.0, 114.0, 119.0, 140.0, 122.0, 97.0, 147.0, 109.0, 71.0, 114.0, 109.0, 109.0, 80.0])
('Macoupin-Illinois', 'OZONE', [227.0, 169.0, 166.0, 169.0, 142.0, 154.0, 135.0, 172.0, 159.0, 132.0, 124.0, 142.0, 140.0, 140.0, 135.0, 137.0, 111.0, 127.0, 93.0, 140.0, 87.0])
('Madera-California', 'OZONE', [201.0, 190.0, 156.0, 164.0, 154.0, 187.0, 127.0, 166.0, 190.0, 111.0, 201.0, 150.0, 151.0, 145.0, 187.0, 166.0, 122.0, 114.0, 150.0, 119.0, 179.0])
('Madison-Alabama', 'OZONE', [205.0, 112.0, 114.0, 129.0, 159.0, 202.0, 169.0, 145.0, 145.0, 132.0, 174.0, 156.0, 161.0, 114.0, 142.0, 119.0, 124.0, 111.0, 132.0, 156.0, 122.0])
('Madison-Illinois', 'OZONE', [219.0, 206.0, 159.0, 192.0, 127.0, 187.0, 166.0, 166.0, 166.0, 179.0, 151.0, 190.0, 140.0, 137.0, 202.0, 172.0, 116.0, 172.0, 135.0, 179.0, 116.0])
('Mahoning-Ohio', 'OZONE', [210.0, 164.0, 147.0, 185.0, 161.0, 135.0, 119.0, 195.0, 151.0, 156.0, 185.0, 151.0, 159.0, 179.0, 169.0, 201.0, 127.0, 150.0, 114.0, 124.0, 100.0])
('Manitowoc-Wisconsin', 'OZONE', [234.0, 207.0, 201.0, 208.0, 124.0, 127.0, 215.0, 208.0, 208.0, 205.0, 169.0, 164.0, 172.0, 179.0, 147.0, 195.0, 119.0, 187.0, 172.0, 142.0, 97.0])
('Maricopa-Arizona', 'OZONE', [174.0, 172.0, 174.0, 151.0, 197.0, 174.0, 151.0, 159.0, 177.0, 159.0, 169.0, 159.0, 150.0, 159.0, 179.0, 169.0, 129.0, 151.0, 151.0, 124.0, 119.0])
('Marin-California', 'OZONE', [119.0, 93.0, 54.0, 77.0, 47.0, 54.0, 54.0, 90.0, 114.0, 93.0, 49.0, 111.0, 49.0, 67.0, 47.0, 74.0, 61.0, 50.0, 49.0, 48.0, 80.0])
('Marion-Indiana', 'OZONE', [223.0, 197.0, 192.0, 159.0, 151.0, 145.0, 172.0, 177.0, 204.0, 174.0, 166.0, 164.0, 156.0, 156.0, 207.0, 172.0, 100.0, 135.0, 116.0, 150.0, 119.0])
('Mariposa-California', 'OZONE', [177.0, 166.0, 151.0, 166.0, 150.0, 114.0, 172.0, 169.0, 179.0, 174.0, 169.0, 174.0, 161.0, 156.0, 154.0, 169.0, 204.0, 151.0, 147.0, 151.0, 174.0])
('McClain-Oklahoma', 'OZONE', [164.0, 115.0, 101.0, 119.0, 109.0, 100.0, 109.0, 137.0, 114.0, 137.0, 166.0, 156.0, 137.0, 127.0, 140.0, 127.0, 111.0, 132.0, 122.0, 106.0, 101.0])
('McCracken-Kentucky', 'OZONE', [206.0, 140.0, 135.0, 164.0, 124.0, 129.0, 142.0, 124.0, 109.0, 159.0, 156.0, 166.0, 179.0, 132.0, 145.0, 124.0, 97.0, 116.0, 122.0, 119.0, 97.0])
('McHenry-Illinois', 'OZONE', [203.0, 166.0, 106.0, 197.0, 142.0, 127.0, 140.0, 172.0, 137.0, 140.0, 124.0, 161.0, 114.0, 135.0, 145.0, 122.0, 90.0, 147.0, 51.0, 111.0, 84.0])
('Medina-Ohio', 'OZONE', [223.0, 190.0, 132.0, 200.0, 127.0, 182.0, 182.0, 159.0, 145.0, 154.0, 156.0, 150.0, 156.0, 169.0, 154.0, 169.0, 124.0, 164.0, 101.0, 93.0, 111.0])
('Mercer-North Dakota', 'OZONE', [119.0, 169.0, 58.0, 51.0, 93.0, 51.0, 47.0, 48.0, 51.0, 87.0, 61.0, 77.0, 46.0, 61.0, 77.0, 77.0, 48.0, 49.0, 100.0, 58.0, 61.0])
('Mercer-Pennsylvania', 'OZONE', [224.0, 201.0, 151.0, 159.0, 156.0, 161.0, 169.0, 166.0, 150.0, 159.0, 195.0, 150.0, 174.0, 174.0, 177.0, 192.0, 127.0, 151.0, 145.0, 127.0, 124.0])
('Miami-Dade-Florida', 'OZONE', [190.0, 166.0, 140.0, 124.0, 154.0, 166.0, 129.0, 132.0, 156.0, 132.0, 159.0, 147.0, 122.0, 154.0, 101.0, 140.0, 132.0, 100.0, 161.0, 106.0, 114.0])
('Middlesex-Connecticut', 'OZONE', [286.0, 229.0, 204.0, 211.0, 200.0, 195.0, 208.0, 204.0, 151.0, 212.0, 197.0, 206.0, 169.0, 190.0, 205.0, 190.0, 166.0, 187.0, 187.0, 190.0, 140.0])
('Middlesex-Massachusetts', 'OZONE', [235.0, 203.0, 195.0, 202.0, 159.0, 204.0, 190.0, 190.0, 137.0, 177.0, 201.0, 172.0, 159.0, 174.0, 187.0, 119.0, 124.0, 150.0, 122.0, 150.0, 137.0])
('Middlesex-New Jersey', 'OZONE', [266.0, 204.0, 201.0, 192.0, 203.0, 177.0, 190.0, 204.0, 174.0, 201.0, 169.0, 208.0, 192.0, 203.0, 200.0, 201.0, 159.0, 154.0, 177.0, 166.0, 147.0])
('Milwaukee-Wisconsin', 'OZONE', [233.0, 222.0, 190.0, 211.0, 151.0, 164.0, 209.0, 201.0, 201.0, 205.0, 156.0, 172.0, 132.0, 195.0, 177.0, 161.0, 161.0, 182.0, 124.0, 142.0, 87.0])
('Mobile-Alabama', 'OZONE', [159.0, 147.0, 156.0, 159.0, 124.0, 100.0, 106.0, 124.0, 147.0, 140.0, 177.0, 154.0, 161.0, 135.0, 124.0, 156.0, 135.0, 129.0, 140.0, 140.0, 124.0])
('Monroe-Missouri', 'OZONE', [179.0, 129.0, 116.0, 147.0, 156.0, 109.0, 151.0, 129.0, 140.0, 132.0, 135.0, 174.0, 122.0, 132.0, 135.0, 156.0, 77.0, 114.0, 124.0, 124.0, 87.0])
('Monroe-New York', 'OZONE', [221.0, 187.0, 174.0, 159.0, 104.0, 101.0, 127.0, 154.0, 111.0, 151.0, 124.0, 140.0, 142.0, 147.0, 179.0, 147.0, 61.0, 122.0, 119.0, 132.0, 122.0])
('Monterey-California', 'OZONE', [122.0, 174.0, 111.0, 106.0, 124.0, 119.0, 142.0, 104.0, 114.0, 101.0, 101.0, 90.0, 109.0, 109.0, 93.0, 114.0, 109.0, 67.0, 106.0, 84.0, 80.0])
('Montgomery-Ohio', 'OZONE', [208.0, 156.0, 182.0, 159.0, 129.0, 156.0, 174.0, 169.0, 192.0, 177.0, 154.0, 192.0, 166.0, 147.0, 185.0, 203.0, 93.0, 150.0, 122.0, 122.0, 150.0])
('Montgomery-Pennsylvania', 'OZONE', [226.0, 201.0, 192.0, 202.0, 177.0, 203.0, 154.0, 197.0, 161.0, 202.0, 185.0, 200.0, 207.0, 190.0, 169.0, 179.0, 124.0, 145.0, 135.0, 140.0, 151.0])
('Morris-New Jersey', 'OZONE', [254.0, 219.0, 192.0, 204.0, 156.0, 187.0, 185.0, 202.0, 172.0, 174.0, 172.0, 201.0, 197.0, 182.0, 206.0, 185.0, 114.0, 140.0, 161.0, 151.0, 127.0])
('Muskegon-Michigan', 'OZONE', [255.0, 236.0, 197.0, 206.0, 192.0, 185.0, 174.0, 215.0, 206.0, 161.0, 161.0, 204.0, 190.0, 164.0, 187.0, 182.0, 109.0, 195.0, 166.0, 145.0, 159.0])
('Napa-California', 'OZONE', [156.0, 150.0, 90.0, 100.0, 84.0, 119.0, 100.0, 151.0, 100.0, 87.0, 159.0, 137.0, 61.0, 106.0, 116.0, 119.0, 90.0, 74.0, 90.0, 64.0, 104.0])
('New London-Connecticut', 'OZONE', [226.0, 226.0, 205.0, 204.0, 164.0, 172.0, 174.0, 202.0, 203.0, 215.0, 185.0, 207.0, 204.0, 159.0, 205.0, 195.0, 150.0, 145.0, 187.0, 154.0, 147.0])
('Northampton-Pennsylvania', 'OZONE', [252.0, 164.0, 159.0, 195.0, 156.0, 172.0, 179.0, 192.0, 166.0, 166.0, 159.0, 203.0, 201.0, 174.0, 177.0, 182.0, 174.0, 135.0, 159.0, 145.0, 147.0])
('Oakland-Michigan', 'OZONE', [240.0, 201.0, 142.0, 159.0, 137.0, 145.0, 161.0, 151.0, 114.0, 129.0, 159.0, 145.0, 116.0, 147.0, 164.0, 177.0, 109.0, 119.0, 114.0, 135.0, 104.0])
('Ohio-West Virginia', 'OZONE', [206.0, 156.0, 154.0, 147.0, 124.0, 135.0, 129.0, 142.0, 156.0, 147.0, 145.0, 151.0, 132.0, 156.0, 159.0, 190.0, 101.0, 154.0, 124.0, 114.0, 100.0])
('Oklahoma-Oklahoma', 'OZONE', [177.0, 164.0, 147.0, 150.0, 154.0, 140.0, 142.0, 169.0, 145.0, 145.0, 204.0, 135.0, 129.0, 140.0, 137.0, 145.0, 111.0, 135.0, 140.0, 135.0, 122.0])
('Oldham-Kentucky', 'OZONE', [219.0, 174.0, 174.0, 177.0, 104.0, 154.0, 159.0, 142.0, 172.0, 185.0, 192.0, 185.0, 150.0, 142.0, 174.0, 132.0, 106.0, 147.0, 127.0, 132.0, 135.0])
('Oliver-North Dakota', 'OZONE', [151.0, 108.0, 51.0, 58.0, 84.0, 47.0, 50.0, 49.0, 58.0, 87.0, 61.0, 80.0, 47.0, 67.0, 54.0, 74.0, 47.0, 50.0, 71.0, 64.0, 71.0])
('Oneida-New York', 'OZONE', [206.0, 143.0, 185.0, 151.0, 129.0, 122.0, 101.0, 135.0, 104.0, 122.0, 127.0, 127.0, 154.0, 142.0, 154.0, 159.0, 111.0, 111.0, 87.0, 101.0, 111.0])
('Onondaga-New York', 'OZONE', [207.0, 166.0, 145.0, 159.0, 129.0, 145.0, 145.0, 150.0, 109.0, 135.0, 132.0, 156.0, 154.0, 156.0, 156.0, 156.0, 80.0, 129.0, 104.0, 129.0, 124.0])
('Orange-California', 'OZONE', [295.0, 265.0, 211.0, 212.0, 217.0, 203.0, 222.0, 185.0, 169.0, 161.0, 200.0, 140.0, 187.0, 154.0, 145.0, 174.0, 154.0, 124.0, 197.0, 179.0, 172.0])
('Orange-Florida', 'OZONE', [151.0, 200.0, 151.0, 135.0, 174.0, 124.0, 137.0, 111.0, 135.0, 164.0, 182.0, 151.0, 150.0, 122.0, 135.0, 122.0, 119.0, 156.0, 132.0, 129.0, 122.0])
('Outagamie-Wisconsin', 'OZONE', [202.0, 140.0, 104.0, 101.0, 116.0, 80.0, 109.0, 137.0, 129.0, 127.0, 137.0, 156.0, 114.0, 137.0, 119.0, 124.0, 97.0, 119.0, 93.0, 119.0, 84.0])
('Ozaukee-Wisconsin', 'OZONE', [229.0, 227.0, 182.0, 207.0, 127.0, 140.0, 213.0, 201.0, 192.0, 204.0, 174.0, 166.0, 140.0, 202.0, 177.0, 192.0, 116.0, 187.0, 145.0, 140.0, 84.0])
('Palm Beach-Florida', 'OZONE', [122.0, 150.0, 114.0, 106.0, 61.0, 137.0, 106.0, 80.0, 111.0, 87.0, 137.0, 127.0, 119.0, 147.0, 93.0, 101.0, 90.0, 90.0, 122.0, 90.0, 145.0])
('Peoria-Illinois', 'OZONE', [187.0, 159.0, 106.0, 172.0, 135.0, 106.0, 129.0, 135.0, 122.0, 119.0, 129.0, 142.0, 100.0, 122.0, 145.0, 109.0, 100.0, 111.0, 93.0, 114.0, 84.0])
('Perry-Pennsylvania', 'OZONE', [229.0, 154.0, 154.0, 164.0, 111.0, 161.0, 151.0, 145.0, 124.0, 161.0, 154.0, 164.0, 145.0, 172.0, 187.0, 142.0, 93.0, 132.0, 119.0, 104.0, 135.0])
('Pickens-South Carolina', 'OZONE', [210.0, 154.0, 111.0, 122.0, 116.0, 169.0, 137.0, 156.0, 156.0, 135.0, 164.0, 172.0, 150.0, 154.0, 161.0, 119.0, 111.0, 135.0, 140.0, 145.0, 127.0])
('Pierce-Washington', 'OZONE', [177.0, 140.0, 161.0, 109.0, 132.0, 101.0, 179.0, 109.0, 129.0, 90.0, 182.0, 140.0, 87.0, 114.0, 97.0, 124.0, 106.0, 97.0, 182.0, 124.0, 129.0])
('Pima-Arizona', 'OZONE', [147.0, 129.0, 127.0, 119.0, 135.0, 132.0, 124.0, 142.0, 122.0, 124.0, 111.0, 124.0, 114.0, 100.0, 137.0, 129.0, 100.0, 129.0, 119.0, 100.0, 111.0])
('Pinellas-Florida', 'OZONE', [164.0, 179.0, 161.0, 122.0, 119.0, 111.0, 137.0, 109.0, 119.0, 111.0, 192.0, 172.0, 135.0, 147.0, 109.0, 135.0, 114.0, 101.0, 129.0, 127.0, 116.0])
('Pointe Coupee-Louisiana', 'OZONE', [51.0, 203.0, 208.0, 137.0, 179.0, 147.0, 127.0, 150.0, 147.0, 156.0, 109.0, 174.0, 147.0, 124.0, 122.0, 185.0, 116.0, 177.0, 169.0, 129.0, 119.0])
('Polk-Iowa', 'OZONE', [49.0, 129.0, 49.0, 61.0, 111.0, 93.0, 48.0, 114.0, 101.0, 77.0, 51.0, 74.0, 74.0, 64.0, 77.0, 47.0, 64.0, 109.0, 90.0, 97.0, 51.0])
('Portage-Ohio', 'OZONE', [249.0, 200.0, 159.0, 169.0, 166.0, 156.0, 137.0, 179.0, 150.0, 140.0, 201.0, 195.0, 156.0, 169.0, 161.0, 204.0, 127.0, 179.0, 111.0, 137.0, 100.0])
('Porter-Indiana', 'OZONE', [252.0, 185.0, 203.0, 195.0, 185.0, 132.0, 185.0, 185.0, 203.0, 161.0, 192.0, 174.0, 164.0, 150.0, 202.0, 137.0, 122.0, 185.0, 106.0, 140.0, 116.0])
('Preble-Ohio', 'OZONE', [209.0, 187.0, 122.0, 197.0, 106.0, 109.0, 150.0, 150.0, 172.0, 156.0, 156.0, 129.0, 140.0, 114.0, 154.0, 132.0, 90.0, 129.0, 106.0, 109.0, 90.0])
("Prince George's-Maryland", 'OZONE', [254.0, 210.0, 203.0, 207.0, 169.0, 203.0, 192.0, 204.0, 169.0, 210.0, 190.0, 204.0, 201.0, 190.0, 203.0, 204.0, 161.0, 154.0, 166.0, 187.0, 154.0])
('Providence-Rhode Island', 'OZONE', [232.0, 159.0, 169.0, 154.0, 150.0, 147.0, 197.0, 202.0, 156.0, 154.0, 142.0, 151.0, 192.0, 182.0, 203.0, 172.0, 147.0, 150.0, 150.0, 151.0, 132.0])
('Pulaski-Arkansas', 'OZONE', [190.0, 161.0, 190.0, 140.0, 109.0, 132.0, 129.0, 161.0, 129.0, 127.0, 132.0, 156.0, 174.0, 132.0, 140.0, 127.0, 127.0, 145.0, 142.0, 135.0, 122.0])
('Queens-New York', 'OZONE', [241.0, 147.0, 195.0, 202.0, 172.0, 172.0, 161.0, 185.0, 156.0, 202.0, 156.0, 164.0, 201.0, 166.0, 156.0, 172.0, 119.0, 142.0, 135.0, 129.0, 132.0])
('Racine-Wisconsin', 'OZONE', [263.0, 225.0, 156.0, 205.0, 203.0, 150.0, 208.0, 179.0, 192.0, 203.0, 192.0, 159.0, 129.0, 182.0, 197.0, 122.0, 140.0, 156.0, 111.0, 124.0, 84.0])
('Richland-South Carolina', 'OZONE', [214.0, 182.0, 187.0, 124.0, 142.0, 182.0, 151.0, 145.0, 154.0, 161.0, 192.0, 166.0, 166.0, 154.0, 172.0, 145.0, 156.0, 151.0, 140.0, 140.0, 145.0])
('Richmond-New York', 'OZONE', [227.0, 206.0, 192.0, 212.0, 172.0, 154.0, 185.0, 201.0, 150.0, 209.0, 179.0, 208.0, 202.0, 187.0, 190.0, 197.0, 177.0, 164.0, 195.0, 154.0, 100.0])
('Riverside-California', 'OZONE', [293.0, 286.0, 226.0, 232.0, 231.0, 231.0, 236.0, 218.0, 219.0, 213.0, 221.0, 204.0, 205.0, 208.0, 206.0, 213.0, 201.0, 207.0, 203.0, 207.0, 203.0])
('Roanoke-Virginia', 'OZONE', [217.0, 133.0, 109.0, 129.0, 116.0, 142.0, 147.0, 129.0, 101.0, 132.0, 190.0, 159.0, 151.0, 150.0, 159.0, 140.0, 106.0, 109.0, 119.0, 127.0, 114.0])
('Rock Island-Illinois', 'OZONE', [172.0, 150.0, 77.0, 114.0, 116.0, 84.0, 106.0, 106.0, 104.0, 87.0, 97.0, 119.0, 84.0, 116.0, 122.0, 122.0, 101.0, 114.0, 100.0, 111.0, 58.0])
('Rockdale-Georgia', 'OZONE', [251.0, 204.0, 213.0, 182.0, 174.0, 202.0, 187.0, 208.0, 203.0, 206.0, 203.0, 206.0, 201.0, 182.0, 202.0, 132.0, 166.0, 156.0, 182.0, 192.0, 182.0])
('Rockingham-New Hampshire', 'OZONE', [248.0, 224.0, 174.0, 208.0, 179.0, 161.0, 202.0, 174.0, 137.0, 203.0, 161.0, 190.0, 114.0, 177.0, 187.0, 114.0, 156.0, 116.0, 106.0, 154.0, 119.0])
('Sacramento-California', 'OZONE', [226.0, 229.0, 182.0, 210.0, 203.0, 202.0, 203.0, 206.0, 205.0, 179.0, 209.0, 206.0, 182.0, 182.0, 203.0, 202.0, 147.0, 201.0, 192.0, 203.0, 204.0])
('Saint Charles-Missouri', 'OZONE', [238.0, 202.0, 187.0, 169.0, 169.0, 159.0, 204.0, 204.0, 208.0, 192.0, 201.0, 206.0, 159.0, 159.0, 197.0, 154.0, 114.0, 164.0, 154.0, 159.0, 135.0])
('Saint Clair-Illinois', 'OZONE', [208.0, 129.0, 177.0, 135.0, 101.0, 166.0, 124.0, 192.0, 119.0, 127.0, 161.0, 151.0, 137.0, 116.0, 169.0, 190.0, 106.0, 187.0, 156.0, 145.0, 87.0])
('Saint Louis-Missouri', 'OZONE', [240.0, 220.0, 179.0, 185.0, 192.0, 182.0, 207.0, 195.0, 182.0, 161.0, 204.0, 202.0, 156.0, 140.0, 197.0, 179.0, 101.0, 182.0, 156.0, 169.0, 106.0])
('Salt Lake-Utah', 'OZONE', [177.0, 190.0, 122.0, 135.0, 101.0, 147.0, 147.0, 161.0, 190.0, 127.0, 182.0, 190.0, 190.0, 185.0, 151.0, 140.0, 104.0, 161.0, 137.0, 151.0, 132.0])
('San Benito-California', 'OZONE', [177.0, 187.0, 147.0, 179.0, 135.0, 129.0, 122.0, 166.0, 164.0, 140.0, 154.0, 124.0, 122.0, 132.0, 147.0, 132.0, 119.0, 124.0, 132.0, 119.0, 147.0])
('San Bernardino-California', 'OZONE', [298.0, 297.0, 232.0, 234.0, 237.0, 227.0, 230.0, 234.0, 223.0, 211.0, 236.0, 211.0, 214.0, 212.0, 210.0, 215.0, 212.0, 212.0, 211.0, 209.0, 205.0])
('San Diego-California', 'OZONE', [254.0, 293.0, 212.0, 212.0, 208.0, 216.0, 203.0, 203.0, 201.0, 192.0, 211.0, 161.0, 177.0, 201.0, 161.0, 169.0, 150.0, 135.0, 161.0, 142.0, 185.0])
('San Francisco-California', 'OZONE', [100.0, 77.0, 43.0, 40.0, 44.0, 44.0, 38.0, 74.0, 42.0, 50.0, 39.0, 48.0, 36.0, 46.0, 42.0, 50.0, 50.0, 47.0, 39.0, 45.0, 71.0])
('San Joaquin-California', 'OZONE', [195.0, 195.0, 166.0, 150.0, 137.0, 154.0, 164.0, 179.0, 151.0, 159.0, 161.0, 195.0, 147.0, 142.0, 151.0, 135.0, 154.0, 127.0, 169.0, 119.0, 169.0])
('San Luis Obispo-California', 'OZONE', [151.0, 218.0, 116.0, 164.0, 156.0, 124.0, 135.0, 129.0, 201.0, 104.0, 195.0, 119.0, 111.0, 114.0, 119.0, 135.0, 101.0, 124.0, 150.0, 132.0, 154.0])
('San Mateo-California', 'OZONE', [119.0, 105.0, 42.0, 47.0, 67.0, 101.0, 71.0, 159.0, 74.0, 93.0, 45.0, 61.0, 61.0, 74.0, 61.0, 106.0, 87.0, 54.0, 61.0, 80.0, 80.0])
('Sandoval-New Mexico', 'OZONE', [108.0, 140.0, 101.0, 106.0, 97.0, 100.0, 116.0, 129.0, 124.0, 106.0, 106.0, 129.0, 111.0, 97.0, 116.0, 109.0, 104.0, 114.0, 101.0, 114.0, 80.0])
('Santa Barbara-California', 'OZONE', [192.0, 275.0, 211.0, 195.0, 204.0, 187.0, 201.0, 202.0, 203.0, 182.0, 203.0, 187.0, 129.0, 177.0, 137.0, 166.0, 166.0, 116.0, 116.0, 127.0, 127.0])
('Santa Clara-California', 'OZONE', [190.0, 192.0, 151.0, 182.0, 164.0, 192.0, 150.0, 185.0, 169.0, 122.0, 190.0, 166.0, 164.0, 151.0, 159.0, 164.0, 122.0, 129.0, 174.0, 93.0, 154.0])
('Santa Cruz-California', 'OZONE', [100.0, 154.0, 111.0, 116.0, 84.0, 90.0, 106.0, 84.0, 132.0, 87.0, 104.0, 90.0, 106.0, 93.0, 104.0, 97.0, 119.0, 71.0, 87.0, 80.0, 100.0])
('Sarasota-Florida', 'OZONE', [151.0, 151.0, 132.0, 137.0, 116.0, 137.0, 127.0, 129.0, 124.0, 142.0, 182.0, 151.0, 151.0, 174.0, 114.0, 154.0, 156.0, 127.0, 129.0, 116.0, 135.0])
('Saratoga-New York', 'OZONE', [210.0, 169.0, 49.0, 135.0, 150.0, 150.0, 127.0, 145.0, 129.0, 151.0, 161.0, 161.0, 154.0, 166.0, 166.0, 161.0, 151.0, 147.0, 135.0, 132.0, 132.0])
('Schenectady-New York', 'OZONE', [206.0, 174.0, 137.0, 140.0, 161.0, 159.0, 104.0, 137.0, 124.0, 127.0, 114.0, 154.0, 135.0, 135.0, 174.0, 156.0, 114.0, 122.0, 87.0, 119.0, 127.0])
('Scott-Iowa', 'OZONE', [202.0, 200.0, 140.0, 132.0, 156.0, 119.0, 129.0, 132.0, 135.0, 116.0, 132.0, 140.0, 127.0, 122.0, 166.0, 116.0, 114.0, 116.0, 87.0, 119.0, 74.0])
('Sedgwick-Kansas', 'OZONE', [190.0, 136.0, 150.0, 129.0, 119.0, 74.0, 101.0, 132.0, 127.0, 129.0, 147.0, 124.0, 154.0, 147.0, 135.0, 135.0, 101.0, 116.0, 114.0, 71.0, 101.0])
('Seminole-Florida', 'OZONE', [151.0, 154.0, 137.0, 97.0, 135.0, 135.0, 119.0, 127.0, 97.0, 116.0, 150.0, 135.0, 142.0, 129.0, 114.0, 111.0, 106.0, 116.0, 129.0, 116.0, 104.0])
('Sevier-Tennessee', 'OZONE', [187.0, 147.0, 147.0, 127.0, 109.0, 161.0, 190.0, 182.0, 147.0, 172.0, 195.0, 179.0, 190.0, 169.0, 179.0, 156.0, 127.0, 132.0, 135.0, 142.0, 127.0])
('Shasta-California', 'OZONE', [200.0, 143.0, 187.0, 150.0, 140.0, 132.0, 172.0, 119.0, 161.0, 179.0, 205.0, 156.0, 129.0, 109.0, 122.0, 151.0, 151.0, 135.0, 127.0, 111.0, 172.0])
('Sheboygan-Wisconsin', 'OZONE', [237.0, 202.0, 142.0, 213.0, 124.0, 119.0, 208.0, 190.0, 177.0, 204.0, 174.0, 174.0, 174.0, 201.0, 204.0, 195.0, 116.0, 187.0, 185.0, 142.0, 109.0])
('Shelby-Alabama', 'OZONE', [209.0, 136.0, 177.0, 137.0, 172.0, 197.0, 159.0, 187.0, 172.0, 166.0, 201.0, 201.0, 202.0, 172.0, 187.0, 132.0, 154.0, 154.0, 145.0, 156.0, 142.0])
('Shelby-Tennessee', 'OZONE', [222.0, 203.0, 192.0, 150.0, 154.0, 179.0, 154.0, 187.0, 164.0, 179.0, 204.0, 187.0, 177.0, 197.0, 145.0, 147.0, 116.0, 147.0, 174.0, 159.0, 164.0])
('Siskiyou-California', 'OZONE', [101.0, 119.0, 101.0, 39.0, 93.0, 84.0, 77.0, 58.0, 61.0, 97.0, 87.0, 74.0, 87.0, 32.0, 100.0, 97.0, 87.0, 64.0, 90.0, 64.0, 100.0])
('Sonoma-California', 'OZONE', [177.0, 143.0, 93.0, 106.0, 111.0, 93.0, 111.0, 137.0, 104.0, 140.0, 177.0, 129.0, 104.0, 93.0, 77.0, 111.0, 104.0, 51.0, 51.0, 74.0, 67.0])
('St. Bernard-Louisiana', 'OZONE', [164.0, 129.0, 135.0, 129.0, 150.0, 166.0, 182.0, 132.0, 135.0, 114.0, 169.0, 137.0, 140.0, 122.0, 147.0, 169.0, 147.0, 135.0, 101.0, 119.0, 87.0])
('St. Clair-Michigan', 'OZONE', [208.0, 215.0, 182.0, 200.0, 156.0, 151.0, 179.0, 185.0, 147.0, 164.0, 179.0, 172.0, 159.0, 174.0, 197.0, 204.0, 109.0, 179.0, 137.0, 151.0, 104.0])
('St. Croix-Wisconsin', 'OZONE', [218.0, 147.0, 104.0, 93.0, 109.0, 71.0, 106.0, 122.0, 97.0, 116.0, 114.0, 111.0, 104.0, 135.0, 116.0, 114.0, 77.0, 127.0, 101.0, 109.0, 67.0])
('St. James-Louisiana', 'OZONE', [87.0, 192.0, 127.0, 100.0, 132.0, 116.0, 147.0, 159.0, 137.0, 159.0, 140.0, 166.0, 145.0, 124.0, 142.0, 137.0, 101.0, 132.0, 129.0, 132.0, 100.0])
('St. John the Baptist-Louisiana', 'OZONE', [206.0, 156.0, 151.0, 111.0, 172.0, 154.0, 154.0, 166.0, 164.0, 145.0, 169.0, 145.0, 166.0, 124.0, 111.0, 129.0, 111.0, 127.0, 140.0, 122.0, 97.0])
('St. Joseph-Indiana', 'OZONE', [212.0, 166.0, 135.0, 159.0, 154.0, 142.0, 179.0, 177.0, 159.0, 182.0, 169.0, 150.0, 142.0, 147.0, 203.0, 154.0, 140.0, 151.0, 100.0, 124.0, 93.0])
('St. Louis City-Missouri', 'OZONE', [222.0, 169.0, 159.0, 132.0, 106.0, 135.0, 151.0, 195.0, 154.0, 156.0, 172.0, 185.0, 142.0, 122.0, 190.0, 201.0, 104.0, 159.0, 124.0, 195.0, 111.0])
('Stark-Ohio', 'OZONE', [242.0, 197.0, 161.0, 200.0, 151.0, 154.0, 142.0, 174.0, 145.0, 154.0, 197.0, 192.0, 164.0, 161.0, 169.0, 201.0, 127.0, 177.0, 124.0, 156.0, 116.0])
('Suffolk-Massachusetts', 'OZONE', [221.0, 197.0, 174.0, 147.0, 161.0, 164.0, 135.0, 164.0, 100.0, 127.0, 150.0, 166.0, 122.0, 190.0, 205.0, 166.0, 147.0, 150.0, 119.0, 116.0, 119.0])
('Suffolk-New York', 'OZONE', [235.0, 209.0, 201.0, 206.0, 203.0, 214.0, 187.0, 201.0, 159.0, 202.0, 203.0, 192.0, 203.0, 201.0, 206.0, 201.0, 137.0, 164.0, 206.0, 151.0, 164.0])
('Suffolk City-Virginia', 'OZONE', [205.0, 182.0, 156.0, 137.0, 203.0, 200.0, 179.0, 174.0, 127.0, 161.0, 156.0, 190.0, 140.0, 182.0, 190.0, 187.0, 159.0, 127.0, 140.0, 150.0, 150.0])
('Sullivan-Tennessee', 'OZONE', [201.0, 177.0, 172.0, 114.0, 151.0, 156.0, 142.0, 166.0, 159.0, 145.0, 172.0, 147.0, 200.0, 164.0, 164.0, 156.0, 111.0, 132.0, 156.0, 159.0, 145.0])
('Summit-Ohio', 'OZONE', [249.0, 213.0, 192.0, 202.0, 156.0, 159.0, 129.0, 159.0, 159.0, 156.0, 197.0, 154.0, 159.0, 182.0, 192.0, 185.0, 129.0, 151.0, 116.0, 154.0, 140.0])
('Sumner-Tennessee', 'OZONE', [222.0, 207.0, 197.0, 187.0, 179.0, 174.0, 174.0, 182.0, 179.0, 187.0, 190.0, 187.0, 182.0, 169.0, 145.0, 150.0, 122.0, 154.0, 156.0, 172.0, 137.0])
('Sutter-California', 'OZONE', [192.0, 154.0, 119.0, 150.0, 182.0, 182.0, 161.0, 169.0, 166.0, 142.0, 166.0, 154.0, 142.0, 145.0, 169.0, 159.0, 135.0, 119.0, 154.0, 124.0, 195.0])
('Tarrant-Texas', 'OZONE', [210.0, 206.0, 203.0, 212.0, 202.0, 172.0, 202.0, 204.0, 200.0, 177.0, 201.0, 208.0, 174.0, 204.0, 205.0, 182.0, 182.0, 201.0, 179.0, 203.0, 156.0])
('Teton-Wyoming', 'OZONE', [122.0, 90.0, 48.0, 54.0, 74.0, 49.0, 74.0, 64.0, 84.0, 67.0, 80.0, 106.0, 84.0, 77.0, 84.0, 87.0, 58.0, 80.0, 116.0, 80.0, 77.0])
('Tolland-Connecticut', 'OZONE', [274.0, 219.0, 203.0, 206.0, 201.0, 203.0, 185.0, 197.0, 161.0, 211.0, 202.0, 164.0, 156.0, 203.0, 201.0, 124.0, 135.0, 177.0, 174.0, 179.0, 147.0])
('Travis-Texas', 'OZONE', [190.0, 201.0, 174.0, 142.0, 137.0, 129.0, 135.0, 154.0, 122.0, 154.0, 150.0, 169.0, 161.0, 124.0, 161.0, 151.0, 142.0, 132.0, 140.0, 145.0, 106.0])
('Tulsa-Oklahoma', 'OZONE', [205.0, 192.0, 206.0, 190.0, 132.0, 174.0, 179.0, 200.0, 192.0, 137.0, 201.0, 169.0, 204.0, 187.0, 159.0, 147.0, 114.0, 142.0, 192.0, 150.0, 161.0])
('Tuolumne-California', 'OZONE', [151.0, 126.0, 114.0, 109.0, 154.0, 132.0, 147.0, 174.0, 182.0, 179.0, 179.0, 169.0, 172.0, 154.0, 164.0, 132.0, 116.0, 135.0, 119.0, 145.0, 197.0])
('Ventura-California', 'OZONE', [239.0, 264.0, 211.0, 210.0, 204.0, 206.0, 207.0, 212.0, 205.0, 197.0, 214.0, 192.0, 182.0, 195.0, 185.0, 197.0, 156.0, 161.0, 172.0, 164.0, 150.0])
('Vigo-Indiana', 'OZONE', [126.0, 182.0, 150.0, 166.0, 100.0, 109.0, 192.0, 140.0, 174.0, 159.0, 145.0, 142.0, 129.0, 137.0, 172.0, 137.0, 106.0, 124.0, 101.0, 124.0, 100.0])
('Walworth-Wisconsin', 'OZONE', [214.0, 203.0, 154.0, 177.0, 147.0, 122.0, 142.0, 151.0, 145.0, 142.0, 140.0, 187.0, 119.0, 164.0, 156.0, 127.0, 109.0, 137.0, 109.0, 129.0, 90.0])
('Washington-Pennsylvania', 'OZONE', [244.0, 179.0, 164.0, 179.0, 154.0, 159.0, 166.0, 172.0, 169.0, 179.0, 201.0, 185.0, 174.0, 159.0, 185.0, 203.0, 114.0, 142.0, 124.0, 122.0, 114.0])
('Washington-Wisconsin', 'OZONE', [206.0, 205.0, 142.0, 164.0, 154.0, 101.0, 137.0, 201.0, 166.0, 147.0, 129.0, 151.0, 122.0, 140.0, 154.0, 142.0, 104.0, 116.0, 80.0, 93.0, 54.0])
('Washoe-Nevada', 'OZONE', [150.0, 159.0, 190.0, 109.0, 101.0, 104.0, 109.0, 106.0, 116.0, 93.0, 111.0, 137.0, 90.0, 114.0, 114.0, 137.0, 106.0, 90.0, 104.0, 100.0, 151.0])
('Washtenaw-Michigan', 'OZONE', [217.0, 172.0, 135.0, 159.0, 137.0, 151.0, 132.0, 142.0, 150.0, 129.0, 145.0, 177.0, 122.0, 179.0, 154.0, 177.0, 104.0, 151.0, 106.0, 132.0, 93.0])
('Waukesha-Wisconsin', 'OZONE', [200.0, 209.0, 145.0, 156.0, 140.0, 114.0, 140.0, 166.0, 137.0, 151.0, 124.0, 166.0, 114.0, 137.0, 147.0, 129.0, 106.0, 135.0, 100.0, 100.0, 74.0])
('Wayne-Michigan', 'OZONE', [242.0, 201.0, 156.0, 195.0, 129.0, 172.0, 182.0, 159.0, 145.0, 161.0, 169.0, 166.0, 132.0, 154.0, 156.0, 169.0, 104.0, 142.0, 122.0, 154.0, 119.0])
('Wayne-New York', 'OZONE', [212.0, 174.0, 187.0, 197.0, 140.0, 122.0, 119.0, 164.0, 104.0, 154.0, 145.0, 169.0, 142.0, 172.0, 166.0, 164.0, 93.0, 97.0, 101.0, 111.0, 124.0])
('Weber-Utah', 'OZONE', [143.0, 159.0, 135.0, 104.0, 93.0, 137.0, 140.0, 127.0, 124.0, 135.0, 154.0, 124.0, 164.0, 137.0, 142.0, 142.0, 100.0, 135.0, 140.0, 150.0, 114.0])
('Weld-Colorado', 'OZONE', [119.0, 136.0, 132.0, 122.0, 90.0, 100.0, 101.0, 100.0, 97.0, 93.0, 116.0, 93.0, 101.0, 122.0, 116.0, 145.0, 87.0, 122.0, 137.0, 101.0, 104.0])
('West Baton Rouge-Louisiana', 'OZONE', [205.0, 210.0, 204.0, 164.0, 204.0, 147.0, 147.0, 154.0, 164.0, 156.0, 187.0, 182.0, 197.0, 174.0, 119.0, 192.0, 124.0, 154.0, 166.0, 111.0, 101.0])
('Westchester-New York', 'OZONE', [239.0, 179.0, 169.0, 205.0, 203.0, 156.0, 179.0, 185.0, 159.0, 161.0, 147.0, 202.0, 187.0, 179.0, 203.0, 154.0, 109.0, 177.0, 192.0, 164.0, 164.0])
('Williamson-Tennessee', 'OZONE', [209.0, 150.0, 135.0, 135.0, 119.0, 154.0, 122.0, 174.0, 147.0, 150.0, 187.0, 169.0, 169.0, 119.0, 151.0, 132.0, 97.0, 109.0, 124.0, 135.0, 106.0])
('Wilson-Tennessee', 'OZONE', [172.0, 126.0, 185.0, 156.0, 109.0, 135.0, 132.0, 154.0, 154.0, 154.0, 150.0, 202.0, 156.0, 122.0, 182.0, 135.0, 111.0, 129.0, 127.0, 145.0, 114.0])
('Winnebago-Illinois', 'OZONE', [203.0, 177.0, 119.0, 135.0, 135.0, 87.0, 154.0, 156.0, 137.0, 116.0, 104.0, 124.0, 106.0, 116.0, 142.0, 114.0, 97.0, 111.0, 77.0, 104.0, 54.0])
('Worcester-Massachusetts', 'OZONE', [220.0, 177.0, 166.0, 185.0, 192.0, 203.0, 179.0, 182.0, 111.0, 154.0, 204.0, 164.0, 150.0, 166.0, 202.0, 135.0, 116.0, 142.0, 140.0, 151.0, 172.0])
('Wyandotte-Kansas', 'OZONE', [187.0, 201.0, 104.0, 64.0, 154.0, 172.0, 101.0, 177.0, 159.0, 145.0, 195.0, 109.0, 132.0, 119.0, 127.0, 151.0, 80.0, 200.0, 159.0, 109.0, 71.0])
('York-Maine', 'OZONE', [227.0, 221.0, 208.0, 209.0, 190.0, 172.0, 197.0, 203.0, 151.0, 202.0, 192.0, 197.0, 135.0, 179.0, 203.0, 145.0, 161.0, 122.0, 116.0, 159.0, 111.0])
('York-Pennsylvania', 'OZONE', [225.0, 164.0, 190.0, 185.0, 151.0, 159.0, 179.0, 140.0, 132.0, 166.0, 166.0, 187.0, 177.0, 145.0, 177.0, 179.0, 127.0, 154.0, 122.0, 140.0, 151.0])
('York-South Carolina', 'OZONE', [242.0, 151.0, 159.0, 164.0, 114.0, 201.0, 142.0, 182.0, 145.0, 137.0, 156.0, 159.0, 132.0, 122.0, 164.0, 109.0, 122.0, 127.0, 142.0, 124.0, 104.0])
