('Alameda-California', 'NO2', [39.74313186813187, 38.93646408839779, 35.66024759284732, 37.91769547325103, 33.029126213592235, 33.850622406639005, 33.43681318681319, 32.59284731774415, 33.113543091655266, 30.824657534246576, 31.1267217630854, 33.193415637860085, 29.084348641049672, 29.998721227621484, 29.58007448789572, 27.598351001177857, 24.747586206896553, 24.854794520547944, 25.124828532235938, 24.56073619631902, 23.919808087731322])
('Alexandria City-Virginia', 'NO2', [47.63661202185792, 46.43835616438356, 44.54545454545455, 42.755494505494504, 43.278688524590166, 45.202216066481995, 42.739010989010985, 41.28767123287671, 41.392550143266476, 41.350828729281766, 43.56629834254144, 39.57260273972603, 35.240437158469945, 36.224657534246575, 38.45272206303725, 35.76271186440678, 36.20441988950276, 36.97019867549669, 31.385135135135137, 30.54982817869416, 27.787292817679557])
('Allegheny-Pennsylvania', 'NO2', [44.73243503368624, 42.01285855588526, 42.95853423336548, 42.894444444444446, 38.484624846248465, 40.97308781869688, 43.66760961810467, 42.90529247910864, 40.933518005540165, 39.1745406824147, 40.05601469237833, 40.86908077994429, 36.413191076624635, 37.10931558935361, 32.31417979610751, 29.643317972350232, 28.260036496350367, 28.998160073597056, 25.794871794871796, 26.975285171102662, 27.06741573033708])
('Arlington-Virginia', 'NO2', [46.796052631578945, 43.064516129032256, 43.52054794520548, 42.24657534246575, 41.96978021978022, 43.28493150684932, 40.88219178082192, 39.1243093922652, 40.76601671309192, 40.946236559139784, 42.857142857142854, 41.21448467966574, 36.78333333333333, 36.14848484848485, 36.58774373259053, 40.27777777777778, 34.93888888888889, 33.8502994011976, 30.69774011299435, 28.299168975069254, 25.212290502793294])
('Baltimore (City)-Maryland', 'NO2', [52.028818443804035, 50.36164383561644, 48.90358126721763, 47.77556818181818, 45.72159090909091, 48.142857142857146, 44.45170454545455, 34.374581939799334, 36.278642149929276, 38.0672268907563, 38.294589178356716, 36.601941747572816, 33.166666666666664, 33.930455635491604, 38.333333333333336, 39.07242339832869, 34.33521126760564, 34.73424657534247, 33.46027397260274, 31.326007326007325, 31.070224719101123])
('Bernalillo-New Mexico', 'NO2', [35.34710743801653, 37.84122562674095, 35.40112994350282, 3.7463235294117645, 37.426426426426424, 44.17045454545455, 43.5406976744186, 33.26912181303116, 41.229651162790695, 37.19034090909091, 33.01917808219178, 33.351063829787236, 34.38622754491018, 33.3601108033241, 36.17039106145251, 34.03977272727273, 31.254988913525498, 28.839285714285715, 29.75174337517434, 27.75619834710744, 25.30670926517572])
('Bradley-Tennessee', 'NO2', [30.57103825136612, 24.068493150684933, 23.328767123287673, 22.75890410958904, 21.32537313432836, 26.53134328358209, 25.942465753424656, 25.983561643835618, 24.863013698630137, 18.932069510268562, 26.621917808219177, 28.218232044198896, 25.433333333333334, 24.5013698630137, 25.67945205479452, 20.926666666666666, 19.88121546961326, 21.29281767955801, 20.183561643835617, 20.602739726027398, 16.156424581005588])
('Camden-New Jersey', 'NO2', [40.8, 40.03324099722992, 40.644444444444446, 40.12054794520548, 39.21369863013699, 38.25, 41.43013698630137, 39.56986301369863, 38.739010989010985, 37.14010989010989, 36.915068493150685, 36.68232044198895, 34.56986301369863, 35.924369747899156, 33.82967032967033, 33.8125, 32.04558404558404, 33.01186943620178, 29.35082872928177, 30.392857142857142, 29.847583643122675])
('Campbell-Kentucky', 'NO2', [35.76553672316384, 34.69041095890411, 29.679525222551927, 28.83013698630137, 24.781420765027324, 30.398280802292263, 34.49303621169916, 33.04383561643836, 29.720547945205478, 30.71232876712329, 28.7909604519774, 28.467236467236468, 26.48633879781421, 27.32054794520548, 21.065753424657533, 20.461111111111112, 20.073972602739726, 19.90633608815427, 20.301369863013697, 15.491329479768787, 14.688524590163935])
('Chittenden-Vermont', 'NO2', [30.865853658536587, 30.434903047091414, 28.9, 29.4937106918239, 26.858333333333334, 29.446428571428573, 28.62087912087912, 28.168539325842698, 27.487603305785125, 28.45299145299145, 28.43732590529248, 27.930835734870318, 28.350877192982455, 19.5, 18.610932475884244, 25.961876832844574, 23.36986301369863, 21.839080459770116, 19.47107438016529, 19.559888579387188, 18.144092219020173])
('Clark-Nevada', 'NO2', [65.01196172248804, 57.2296918767507, 57.43234323432343, 54.713615023474176, 50.715328467153284, 52.47104851330204, 45.290780141843975, 52.84431137724551, 52.20765027322405, 62.58888888888889, 26.21644413211525, 31.095920617420067, 26.518103008669048, 26.025751072961373, 26.67383739322999, 26.09498399146211, 25.818816762530812, 23.81375227686703, 23.61232411450752, 25.10918674698795, 29.20505617977528])
('Clay-Missouri', 'NO2', [24.226573426573427, 24.753709198813056, 23.548850574712645, 23.352054794520548, 22.34109589041096, 22.12292817679558, 21.145429362880886, 23.156944444444445, 23.051136363636363, 22.771784232365146, 21.41606886657102, 24.802275960170697, 23.979166666666668, 23.559722222222224, 17.878299120234605, 17.459269662921347, 15.05726872246696, 15.482191780821918, 15.623268698060942, 14.926027397260274, 12.23224043715847])
('Contra Costa-California', 'NO2', [34.131747483989024, 32.69579646017699, 30.094078583287217, 31.06284454244763, 28.816831683168317, 29.165521978021978, 28.118866620594332, 26.70220082530949, 25.497945205479454, 23.77556623198353, 23.326712328767123, 24.556849315068494, 22.58592132505176, 22.834874504623514, 22.250851305334848, 20.500644329896907, 19.239806496199034, 18.28992460589445, 19.006164383561643, 18.08236101578586, 17.60564349621473])
('Cook-Illinois', 'NO2', [42.443355433842605, 42.94034758102396, 36.214922711058264, 34.839285714285715, 38.7193129451194, 39.346968066020814, 44.45352214960058, 42.77758470894874, 41.69382151029748, 40.39629462268414, 39.551339285714285, 40.0488538143555, 37.500529474055774, 38.85251087386319, 38.49468954248366, 38.96848137535817, 36.89145052833813, 37.7877512856475, 36.16737790422001, 37.12973484848485, 36.28639618138425])
('Cuyahoga-Ohio', 'NO2', [42.91983122362869, 44.68296089385475, 40.794765840220386, 42.016877637130804, 39.52855051244509, 38.202777777777776, 39.13812154696133, 37.3375350140056, 36.496570644718794, 37.35512630014859, 37.186556927297666, 33.78630136986301, 33.221300138312586, 34.62068965517241, 32.99302649930265, 32.61369863013699, 30.75944055944056, 32.07361111111111, 28.896836313617605, 31.04532967032967, 27.474285714285713])
('Dallas-Texas', 'NO2', [30.493791786055397, 28.079807692307693, 25.42707340324118, 26.326851851851853, 27.90248565965583, 24.145812807881775, 28.90210843373494, 32.59371362048894, 31.976036866359447, 31.19405756731662, 32.32073732718894, 33.70858895705521, 29.652081109925295, 29.11671612265084, 28.703915950334288, 28.51175917215428, 25.998160073597056, 27.094608341810783, 24.586303939962477, 24.139312977099237, 21.940891472868216])
('Dauphin-Pennsylvania', 'NO2', [36.54419889502763, 36.9013698630137, 34.81917808219178, 34.386740331491715, 32.049586776859506, 30.175342465753424, 36.26170798898072, 34.60164835164835, 34.095628415300546, 32.1243093922652, 32.054794520547944, 31.49175824175824, 29.472677595628415, 30.71153846153846, 29.65927977839335, 27.224657534246575, 27.226775956284154, 28.164383561643834, 24.41917808219178, 25.054794520547944, 24.052054794520547])
('Davidson-Tennessee', 'NO2', [23.279605263157894, 27.86750788643533, 28.229916897506925, 24.263013698630136, 30.90684931506849, 25.893617021276597, 36.892857142857146, 25.92128279883382, 21.292011019283745, 23.29139072847682, 22.585164835164836, 33.71506849315068, 32.614754098360656, 31.167123287671235, 27.624657534246577, 14.876132930513595, 27.204918032786885, 30.46027397260274, 30.418732782369148, 31.97808219178082, 27.10655737704918])
('Daviess-Kentucky', 'NO2', [28.201704545454547, 25.646408839779006, 22.638356164383563, 22.151515151515152, 22.848314606741575, 22.170868347338935, 23.863636363636363, 24.211111111111112, 22.134615384615383, 22.279661016949152, 22.49041095890411, 21.483425414364643, 21.58448753462604, 19.988472622478387, 20.34159779614325, 18.764383561643836, 16.086834733893557, 15.596100278551532, 13.831932773109244, 12.243835616438357, 15.23076923076923])
('DeKalb-Georgia', 'NO2', [37.14243323442137, 30.99406528189911, 30.381766381766383, 28.545454545454547, 28.109467455621303, 27.971014492753625, 26.263313609467456, 28.42375601926164, 32.046875, 28.622998544395923, 32.375291375291376, 38.25487012987013, 33.857348703170025, 32.39972527472528, 29.100558659217878, 28.11743772241993, 28.88598901098901, 27.291780821917808, 28.258333333333333, 30.40524781341108, 27.596541786743515])
('District of Columbia-District Of Columbia', 'NO2', [36.6983842010772, 35.08780487804878, 46.044378698224854, 42.743484224965705, 41.40659340659341, 42.32203389830509, 42.71861086375779, 37.67156862745098, 37.27734375, 36.247714808043874, 37.79132040627886, 36.336996336996336, 33.446280991735534, 38.95140186915888, 38.973977695167285, 38.17495395948435, 34.675478577939835, 34.28084714548803, 30.60821917808219, 30.628440366972477, 29.493125572868927])
('Duval-Florida', 'NO2', [35.252747252747255, 29.096209912536445, 29.915254237288135, 26.19943820224719, 27.585915492957746, 29.142857142857142, 26.134246575342466, 29.130434782608695, 27.732782369146005, 27.568681318681318, 28.333333333333332, 29.411078717201168, 28.70870870870871, 24.8673835125448, 26.80635838150289, 27.082236842105264, 25.855828220858896, 25.522727272727273, 22.89801699716714, 19.771428571428572, 20.21629213483146])
('East Baton Rouge-Louisiana', 'NO2', [39.87709497206704, 34.273480662983424, 35.02492668621701, 34.68421052631579, 22.333333333333332, 22.94004135079256, 22.965373961218837, 23.066161268090973, 24.660677263303388, 24.456116102280582, 24.308457711442784, 26.325773195876288, 23.488995873452545, 22.887966804979254, 21.183253260123543, 22.551820728291318, 20.48763736263736, 21.49165507649513, 21.1398891966759, 19.108201240523776, 18.13771626297578])
('Eddy-New Mexico', 'NO2', [19.26243093922652, 19.799442896935933, 19.50958904109589, 15.765567765567766, 14.376543209876543, 17.451038575667656, 17.42105263157895, 14.78698224852071, 13.75, 15.092198581560284, 12.233983286908078, 11.793103448275861, 12.449375866851595, 11.191135734072022, 11.71368715083799, 11.957627118644067, 10.780415430267063, 10.50206896551724, 10.569060773480663, 9.727023319615911, 9.825418994413408])
('El Paso-Texas', 'NO2', [40.95757575757576, 43.36521739130435, 38.14728682170543, 42.54237288135593, 45.96081277213353, 44.55696202531646, 49.216058394160584, 48.19932432432432, 45.5025706940874, 42.883962264150945, 40.908687943262414, 36.984375, 34.328068043742405, 32.25268176400477, 34.347533632286996, 32.79728199320498, 29.8393351800554, 30.02892102335929, 30.95070821529745, 30.54459308807135, 32.23669201520912])
('Erie-New York', 'NO2', [36.038406827880515, 36.82507288629738, 32.41257668711656, 31.480538922155688, 30.284074605451938, 30.305479452054794, 32.082191780821915, 33.63172413793104, 34.079387186629525, 31.506963788300837, 31.627397260273973, 34.61898211829436, 32.75488721804511, 31.696531791907514, 30.241234221598877, 29.716666666666665, 27.418181818181818, 29.675599435825106, 24.805785123966942, 28.160493827160494, 25.903780068728523])
('Erie-Pennsylvania', 'NO2', [33.62326869806094, 29.861189801699716, 30.278089887640448, 27.150837988826815, 26.686781609195403, 28.294797687861273, 31.32537313432836, 28.6536312849162, 27.335907335907336, 28.541208791208792, 28.636871508379887, 30.26536312849162, 26.11046511627907, 24.373595505617978, 25.096418732782368, 25.5041782729805, 24.86111111111111, 27.46978021978022, 23.68232044198895, 23.769662921348313, 20.066666666666666])
('Essex-New Jersey', 'NO2', [59.40555555555556, 50.60797799174691, 51.08126721763085, 49.42524005486968, 51.19889502762431, 50.40358126721763, 51.24896265560166, 46.20879120879121, 48.004160887656035, 45.72284122562674, 47.16460905349794, 48.08345752608048, 44.06371191135734, 43.22444889779559, 43.38966480446928, 41.98627450980392, 39.01123595505618, 40.95890410958904, 38.729805013927574, 34.61602209944751, 33.294765840220386])
('Fayette-Kentucky', 'NO2', [39.09340659340659, 36.45170454545455, 33.74794520547945, 31.287709497206706, 32.868852459016395, 31.975, 30.802857142857142, 32.97191011235955, 27.54385964912281, 27.741573033707866, 23.752747252747252, 26.26243093922652, 26.560109289617486, 26.656509695290858, 23.14917127071823, 23.72176308539945, 23.29041095890411, 24.832876712328765, 24.9010989010989, 24.84722222222222, 20.975138121546962])
('Forsyth-North Carolina', 'NO2', [32.351877607788595, 28.10124826629681, 30.476987447698743, 30.082872928176794, 28.194520547945206, 32.17171717171717, 28.355785837651123, 30.34383954154728, 29.727011494252874, 32.184573002754824, 32.42032967032967, 31.1510989010989, 31.186046511627907, 30.80716253443526, 27.166197183098593, 27.73611111111111, 25.215846994535518, 21.72093023255814, 23.10855263157895, 25.25, 25.175])
('Fresno-California', 'NO2', [44.41404958677686, 41.99620637329287, 42.41018251681076, 39.81077348066298, 36.50961538461539, 37.07994389901823, 34.806837606837604, 34.7421875, 32.568380743982495, 31.083287369001656, 31.099779492833516, 35.65900168255749, 30.751149425287355, 30.344827586206897, 30.19468024900962, 28.563223508459483, 25.95274725274725, 26.113134657836646, 26.81949860724234, 25.41068447412354, 23.55848623853211])
('Fulton-Georgia', 'NO2', [49.57183098591549, 47.90350877192982, 45.82122905027933, 42.220630372492835, 44.17094017094017, 43.31481481481482, 40.648387096774194, 34.94166666666667, 46.669398907103826, 46.11480362537765, 41.98028169014084, 44.11572700296736, 41.58469945355191, 41.673972602739724, 36.07123287671233, 32.56712328767123, 33.1972602739726, 33.77053824362606, 34.357142857142854, 31.73925501432665, 28.865921787709496])
('Greene-Missouri', 'NO2', [25.162068965517243, 23.810734463276837, 18.4585635359116, 21.43888888888889, 25.345911949685533, 24.320916905444125, 29.673076923076923, 27.722991689750693, 25.75136612021858, 25.005479452054793, 25.756164383561643, 28.779944289693592, 26.635359116022098, 26.991780821917807, 24.619883040935672, 25.333333333333332, 24.350684931506848, 25.261707988980717, 23.843835616438355, 22.843835616438355, 20.295081967213115])
('Hamilton-Ohio', 'NO2', [46.75530410183875, 44.50149253731343, 44.055632823365784, 44.06944444444444, 39.91632373113855, 38.807162534435264, 39.992283950617285, 37.42526964560863, 42.77732240437158, 43.11666666666667, 43.46291208791209, 38.58245083207262, 35.40513552068474, 35.61643835616438, 34.34109589041096, 32.6606648199446, 29.810730253353203, 33.818930041152264, 31.20498614958449, 30.72876712328767, 29.183060109289617])
('Hampden-Massachusetts', 'NO2', [48.035, 44.828178694158076, 40.88219178082192, 41.49862258953168, 37.95355191256831, 37.455555555555556, 37.7202216066482, 31.235011990407674, 29.45640074211503, 25.796435272045027, 25.1340206185567, 25.514705882352942, 27.192096597145994, 27.048802946593003, 29.759036144578314, 27.416783216783216, 23.175213675213676, 23.650929899856937, 21.979395604395606, 22.212912087912088, 22.138736263736263])
('Hampshire-Massachusetts', 'NO2', [17.744505494505493, 16.759206798866856, 18.279761904761905, 17.03680981595092, 14.991666666666667, 13.12772585669782, 15.927536231884059, 13.77158774373259, 14.085545722713864, 15.95, 11.7292817679558, 13.167582417582418, 11.33939393939394, 13.69146005509642, 12.409556313993175, 10.194520547945206, 8.847887323943661, 9.761111111111111, 8.057851239669422, 7.573407202216067, 8.588068181818182])
('Hartford-Connecticut', 'NO2', [34.39071038251366, 33.894586894586894, 31.314606741573034, 33.07361963190184, 29.079113924050635, 32.193370165745854, 34.83844011142061, 29.934065934065934, 30.79310344827586, 31.75075987841945, 33.95786516853933, 31.9010989010989, 29.303867403314918, 33.728767123287675, 30.687323943661973, 29.634078212290504, 26.005479452054793, 27.71067415730337, 23.443502824858758, 22.81917808219178, 20.53038674033149])
('Hillsborough-Florida', 'NO2', [33.14038876889849, 35.387387387387385, 27.50793650793651, 23.3987915407855, 22.39830508474576, 22.946629213483146, 21.46153846153846, 24.698630136986303, 18.71094890510949, 18.71769662921348, 19.42222222222222, 19.494978479196558, 21.550595238095237, 20.58219178082192, 19.285511363636363, 18.056629834254142, 15.903533906399236, 14.751143641354071, 15.358126721763085, 14.27579908675799, 11.371144278606964])
('Hillsborough-New Hampshire', 'NO2', [42.41193181818182, 39.6764705882353, 50.4, 27.50862068965517, 24.736986301369864, 27.06027397260274, 24.818435754189945, 22.71629213483146, 31.146067415730336, 26.03641456582633, 26.147632311977716, 26.885714285714286, 21.305232558139537, 24.85185185185185, 22.903846153846153, 21.757309941520468, 16.30944055944056, 15.871455576559546, 11.903633491311217, 11.75768757687577, 12.404891304347826])
('Hudson-New Jersey', 'NO2', [54.19722222222222, 49.58024691358025, 48.76648351648352, 45.41095890410959, 45.417582417582416, 43.68888888888889, 43.52486187845304, 42.320547945205476, 43.709944751381215, 42.02191780821918, 42.397759103641455, 42.247933884297524, 41.6448087431694, 41.14520547945205, 38.67231638418079, 39.773109243697476, 37.51800554016621, 36.58119658119658, 37.10497237569061, 33.57439446366782, 33.824742268041234])
('Lancaster-Pennsylvania', 'NO2', [33.756830601092894, 30.427777777777777, 30.156593406593405, 31.56749311294766, 27.632876712328766, 28.057534246575344, 32.94428969359331, 28.435754189944134, 29.73972602739726, 28.77747252747253, 27.18836565096953, 27.78082191780822, 25.813186813186814, 25.742465753424657, 24.78082191780822, 25.838356164383562, 25.039106145251395, 25.523287671232875, 24.035616438356165, 22.303867403314918, 21.187150837988828])
('Lawrence-Pennsylvania', 'NO2', [37.389502762430936, 31.848837209302324, 31.775, 33.00821917808219, 32.93715846994535, 34.807799442896936, 34.932203389830505, 31.448179271708682, 39.02040816326531, 31.455555555555556, 30.057534246575344, 32.13607594936709, 31.127423822714682, 27.23013698630137, 26.8, 25.624657534246577, 25.811475409836067, 28.413698630136988, 26.18732782369146, 25.075, 21.953168044077135])
('Lehigh-Pennsylvania', 'NO2', [36.15702479338843, 35.09315068493151, 30.562326869806093, 33.36768802228412, 29.775956284153004, 32.53972602739726, 35.209944751381215, 31.805479452054794, 30.70985915492958, 28.856338028169013, 28.493112947658403, 28.8489010989011, 24.686813186813186, 30.594520547945205, 26.53150684931507, 27.235616438356164, 24.404371584699454, 25.676712328767124, 22.65205479452055, 22.69060773480663, 21.660273972602738])
('Los Angeles-California', 'NO2', [69.07022471910112, 67.27258093364335, 61.91705315733143, 63.56590151795631, 59.18371107425834, 56.12189239332096, 59.96456692913386, 58.597893548993795, 54.11320326678766, 50.952401651814824, 50.60485268630849, 54.26843413421707, 49.84525205158265, 47.839490674318505, 45.2775820508066, 44.53421105126671, 40.18369781312127, 37.055865921787706, 37.0090200902009, 36.92318407960199, 36.20027706313081])
('Luzerne-Pennsylvania', 'NO2', [35.62841530054645, 30.68820224719101, 31.380165289256198, 31.926027397260274, 28.23835616438356, 30.90730337078652, 28.928977272727273, 26.145604395604394, 33.05292479108635, 26.846575342465755, 26.63013698630137, 27.526027397260275, 25.420765027322403, 25.832876712328765, 25.752747252747252, 23.96986301369863, 22.296703296703296, 24.481894150417826, 19.956043956043956, 21.926027397260274, 22.0986301369863])
('Marin-California', 'NO2', [34.38095238095238, 32.87005649717514, 31.451704545454547, 33.02197802197802, 30.759206798866856, 30.73961218836565, 29.693150684931506, 27.433139534883722, 27.986187845303867, 25.258333333333333, 26.318559556786703, 27.293956043956044, 24.797752808988765, 25.950413223140497, 26.243835616438357, 25.53150684931507, 23.71508379888268, 22.21095890410959, 23.09065934065934, 22.56986301369863, 22.197260273972603])
('Marion-Indiana', 'NO2', [41.24931129476584, 37.93819530284301, 33.18214936247723, 31.972727272727273, 32.23224043715847, 31.701657458563535, 34.71270718232044, 36.38526912181303, 33.27624309392265, 29.90173410404624, 33.62258953168044, 33.90684931506849, 31.348837209302324, 29.65625, 31.172757475083056, 30.463126843657818, 28.236593059936908, 28.740331491712706, 23.391184573002754, 23.473537604456826, 21.55464480874317])
('McCracken-Kentucky', 'NO2', [34.70056497175141, 30.396825396825395, 30.713043478260868, 25.141975308641975, 26.27887323943662, 23.167123287671235, 26.653521126760563, 23.952513966480446, 23.780555555555555, 25.379213483146067, 27.183431952662723, 26.48787878787879, 22.915300546448087, 23.83013698630137, 21.389041095890413, 20.2986301369863, 19.314763231197773, 20.770083102493075, 20.149717514124294, 20.65564738292011, 18.167582417582416])
('McMinn-Tennessee', 'NO2', [25.865753424657534, 24.069444444444443, 22.372602739726027, 24.78082191780822, 22.292537313432835, 25.978851963746223, 25.115068493150684, 23.08169014084507, 25.215846994535518, 26.589041095890412, 27.22714681440443, 28.796703296703296, 26.323287671232876, 23.366197183098592, 22.655555555555555, 21.36842105263158, 20.72853185595568, 21.13649025069638, 22.897360703812318, 23.301369863013697, 19.43943661971831])
('Miami-Dade-Florida', 'NO2', [25.513677811550153, 24.933048433048434, 22.853107344632768, 21.370786516853933, 23.608763693270735, 23.69047619047619, 20.75901875901876, 22.63059163059163, 22.631284916201118, 23.282913165266105, 20.95754026354319, 23.029411764705884, 22.259103641456583, 21.137447405329592, 20.2703081232493, 19.71405750798722, 19.323204419889503, 20.60719225449516, 19.750344827586208, 17.505730659025787, 14.816186556927297])
('Multnomah-Oregon', 'NO2', [30.486772486772487, 26.247311827956988, 30.49230769230769, 26.714285714285715, 26.114285714285714, 25.543046357615893, 23.834437086092716, 25.52991452991453, 29.14864864864865, 21.864583333333332, 24.00653594771242, 24.134920634920636, 20.917241379310344, 20.34328358208955, 19.763157894736842, 22.607843137254903, 17.17557251908397, 19.625, 19.99346405228758, 19.179916317991633, 19.30028328611898])
('Nassau-New York', 'NO2', [51.93769470404985, 47.345588235294116, 44.86980609418283, 47.50137741046832, 40.57857142857143, 40.8021978021978, 44.06027397260274, 39.07396449704142, 39.4390243902439, 38.924157303370784, 34.30701754385965, 39.92307692307692, 36.93131868131868, 37.59228650137741, 35.38356164383562, 33.982089552238804, 31.98611111111111, 31.662087912087912, 30.983561643835618, 30.86764705882353, 29.868852459016395])
('New Castle-Delaware', 'NO2', [46.10597014925373, 46.56384742951907, 43.61619718309859, 44.0735294117647, 27.03957783641161, 30.39816513761468, 30.006963788300837, 28.83614088820827, 31.85164835164835, 28.31956912028725, 26.720647773279353, 30.91317365269461, 33.32231404958678, 35.08487084870849, 32.782738095238095, 32.931232091690546, 31.441176470588236, 30.646551724137932, 32.23780487804878, 30.722689075630253, 29.44508670520231])
('New Haven-Connecticut', 'NO2', [45.76229508196721, 43.524079320113316, 42.23098591549296, 42.64383561643836, 37.94571428571429, 41.56125356125356, 46.494082840236686, 39.1058495821727, 39.43888888888889, 37.16804407713499, 41.361111111111114, 35.74301675977654, 33.81718464351005, 38.46350364963504, 36.03663003663004, 33.89857651245551, 35.019283746556475, 37.74860335195531, 34.875346260387815, 32.47671232876712, 28.054597701149426])
('New York-New York', 'NO2', [55.16403785488959, 61.317548746518106, 59.65432098765432, 58.899145299145296, 47.633440514469456, 56.93413173652694, 58.676829268292686, 54.25633802816901, 52.07240704500978, 48.72809667673716, 48.55964653902798, 50.31766381766382, 46.94736842105263, 47.31858407079646, 48.90384615384615, 49.4054054054054, 45.81434599156118, 47.83835616438356, 46.18356164383562, 46.8054794520548, 49.21111111111111])
('Oklahoma-Oklahoma', 'NO2', [34.96268656716418, 27.487179487179485, 26.45402298850575, 22.910511363636363, 23.63157894736842, 23.48446327683616, 25.050613496932517, 24.449035812672175, 24.059171597633135, 27.400277008310248, 24.319223985890652, 25.90732436472347, 24.474053295932677, 24.438280166435508, 25.133522727272727, 21.98535871156662, 20.121584699453553, 22.975274725274726, 21.14027777777778, 19.31275720164609, 18.731197771587745])
('Oliver-North Dakota', 'NO2', [5.10981697171381, 4.904109589041096, 3.5157894736842104, 4.869090909090909, 4.903010033444816, 5.914201183431953, 6.640350877192983, 6.8753709198813056, 6.079234972677596, 6.2246575342465755, 7.375, 7.331506849315068, 6.77741935483871, 7.029850746268656, 6.57566765578635, 6.32054794520548, 6.844262295081967, 5.97134670487106, 6.047353760445683, 6.156164383561644, 6.353932584269663])
('Orange-California', 'NO2', [60.82028985507247, 65.43718592964824, 59.354651162790695, 57.64840182648402, 53.744014732965006, 49.675, 52.45, 50.04884792626728, 44.87764489420423, 42.93830570902394, 43.70686456400742, 43.53610503282276, 41.005958291956304, 37.95617529880478, 36.18584905660377, 37.14115490375802, 33.07488151658768, 31.117483811285847, 30.636876763875822, 29.71113155473781, 30.18864468864469])
('Perry-Pennsylvania', 'NO2', [12.170520231213873, 13.324503311258278, 12.506887052341598, 14.557692307692308, 13.533333333333333, 13.66388888888889, 14.472067039106145, 13.044198895027625, 14.37431693989071, 12.732782369146005, 11.81043956043956, 11.090909090909092, 12.846994535519126, 11.167123287671233, 10.488888888888889, 11.637883008356546, 9.437158469945356, 8.472375690607734, 7.024793388429752, 8.273504273504274, 8.289772727272727])
('Philadelphia-Pennsylvania', 'NO2', [49.44788732394366, 48.75243664717349, 47.22943327239488, 46.9059829059829, 45.53382761816497, 43.34007352941177, 45.2933962264151, 44.17619493908154, 46.337638376383765, 44.62786434463795, 46.83505154639175, 43.03451776649746, 40.25529542920847, 41.34511627906977, 39.62581244196843, 36.07721046077211, 36.088825214899714, 36.067142857142855, 33.7504, 33.61095890410959, 30.48539638386648])
('Pinellas-Florida', 'NO2', [29.3855421686747, 26.215547703180214, 28.192307692307693, 26.508379888268156, 26.30054644808743, 26.17808219178082, 22.701949860724234, 24.358333333333334, 23.476190476190474, 24.366197183098592, 24.400602409638555, 29.050420168067227, 25.969945355191257, 23.6398891966759, 23.106442577030812, 20.925207756232687, 19.31967213114754, 17.495890410958904, 18.45205479452055, 18.61111111111111, 16.366120218579233])
('Providence-Rhode Island', 'NO2', [36.598214285714285, 37.79824561403509, 37.87252124645892, 39.4375, 35.666666666666664, 35.16574585635359, 31.048526863084923, 30.134579439252338, 33.907865168539324, 33.603478260869565, 31.81994459833795, 33.46026490066225, 30.178021978021977, 30.469525959367946, 27.2027027027027, 28.150812064965198, 26.062645011600928, 25.905908096280086, 23.318627450980394, 21.557777777777776, 20.421397379912662])
('Pulaski-Arkansas', 'NO2', [23.543715846994534, 21.106849315068494, 21.62912087912088, 20.30958904109589, 22.62568306010929, 21.293150684931508, 24.4, 23.01098901098901, 23.07103825136612, 21.512328767123286, 22.585164835164836, 24.416438356164385, 21.330434782608695, 22.133757961783438, 30.457534246575342, 28.28611111111111, 26.349570200573066, 25.582386363636363, 25.027397260273972, 22.827397260273973, 19.838797814207652])
('Richmond City-Virginia', 'NO2', [44.45479452054794, 41.57534246575342, 40.30110497237569, 39.83287671232877, 38.65300546448088, 40.55524861878453, 39.80898876404494, 39.00828729281768, 37.61666666666667, 40.15873015873016, 39.58695652173913, 35.92777777777778, 32.61756373937677, 35.75346260387812, 34.45970149253731, 31.40960451977401, 28.887978142076502, 30.87784090909091, 32.01724137931034, 29.358974358974358, 25.09917355371901])
('Riverside-California', 'NO2', [62.0919540229885, 52.09458218549128, 48.42033898305085, 46.0890243902439, 42.829449152542374, 40.43821656050955, 42.60634328358209, 41.44729605866178, 38.64265927977839, 35.6511240632806, 36.98470502549162, 41.28414550446122, 37.53688524590164, 37.895747599451305, 36.167638483965014, 34.5961262553802, 31.43252840909091, 29.71680790960452, 29.871687587168758, 29.948060941828256, 28.252728799328295])
('Roanoke-Virginia', 'NO2', [32.02571428571429, 27.63142857142857, 23.66111111111111, 26.824657534246576, 25.666666666666668, 27.4593837535014, 26.786301369863015, 26.12876712328767, 25.1775956284153, 25.986301369863014, 28.016438356164382, 25.482658959537574, 22.969945355191257, 26.7013698630137, 25.232876712328768, 24.23835616438356, 25.190140845070424, 24.163120567375888, 23.202739726027396, 20.52238805970149, 16.923076923076923])
('Rutland-Vermont', 'NO2', [26.97069597069597, 26.806349206349207, 24.96060606060606, 25.03514376996805, 21.908783783783782, 24.332361516034986, 27.86842105263158, 24.78904109589041, 23.346041055718477, 23.495575221238937, 22.78125, 23.166180758017493, 20.547752808988765, 23.741477272727273, 23.30144927536232, 23.44569288389513, 22.342679127725855, 22.824657534246576, 19.375358166189113, 20.147945205479452, 18.891061452513966])
('Sacramento-California', 'NO2', [37.974612129760224, 33.97959183673469, 32.70704510897111, 34.753253513794895, 32.598587997982854, 29.483281086729363, 25.83783783783784, 26.419675562532706, 26.510554737358863, 23.48885727833096, 25.43301687763713, 27.71183294663573, 25.628543013426157, 25.28376470588235, 25.571428571428573, 24.767190037899297, 22.39056893900564, 21.716650898770105, 22.67216391804098, 22.088192771084337, 20.869849246231155])
('Saint Charles-Missouri', 'NO2', [21.731117824773413, 23.734806629834253, 21.240579710144928, 21.214285714285715, 21.365650969529085, 23.358288770053477, 23.65156794425087, 16.921965317919074, 16.991780821917807, 17.51440329218107, 17.96108291032149, 22.99442896935933, 18.43502824858757, 19.428571428571427, 18.879518072289155, 17.568181818181817, 16.307692307692307, 17.34794520547945, 16.89041095890411, 17.224657534246575, 13.15339233038348])
('Saint Clair-Illinois', 'NO2', [41.54419889502763, 37.438395415472776, 34.480555555555554, 35.92837465564738, 33.37673130193906, 33.73053892215569, 35.136986301369866, 36.23835616438356, 33.81058495821727, 32.319559228650135, 31.110481586402265, 32.28370786516854, 30.21763085399449, 32.18630136986302, 29.201704545454547, 28.453296703296704, 27.038251366120218, 27.0, 27.44606413994169, 28.234806629834253, 26.99127906976744])
('Saint Louis-Missouri', 'NO2', [37.179387186629526, 36.03450194769059, 33.030092592592595, 32.06025428413488, 33.51708930540243, 31.417686318131256, 34.77460142935679, 32.83984589983489, 32.281643835616435, 32.32620614035088, 31.888515406162465, 34.40438356164383, 30.38894967177243, 29.60935738444194, 27.87178082191781, 26.88328767123288, 24.032221594120973, 24.270389419544454, 23.021217712177123, 21.409926470588236, 20.44535519125683])
('San Diego-California', 'NO2', [49.73534136546185, 48.44662135145941, 43.67368421052632, 42.43435144783816, 40.034086405073324, 35.80310344827586, 36.93910034602076, 37.12400690846287, 33.87001733102253, 34.063669182802755, 32.16766278703995, 36.240690281562216, 33.795695839311335, 31.77104377104377, 32.53547940463828, 32.186801675977655, 30.322492297158508, 29.755757152826238, 29.677385529535126, 27.327266363318166, 27.830579964850614])
('San Francisco-California', 'NO2', [39.76373626373626, 38.79228486646884, 33.19879518072289, 36.58904109589041, 32.33150684931507, 34.21159420289855, 32.90529247910864, 32.29945054945055, 32.71311475409836, 30.37950138504155, 29.945205479452056, 32.11232876712329, 30.336986301369862, 29.638356164383563, 28.371900826446282, 28.526027397260275, 24.888686131386862, 23.78301886792453, 27.934246575342467, 26.45205479452055, 27.02185792349727])
('San Joaquin-California', 'NO2', [43.065155807365436, 41.13725490196079, 41.57142857142857, 40.457971014492756, 37.47277936962751, 38.06944444444444, 34.24596774193548, 30.608888888888888, 30.09129213483146, 28.07883817427386, 30.5130674002751, 31.96, 29.477303988995875, 28.01095890410959, 29.196428571428573, 26.678129298486933, 25.231858407079645, 27.872576177285318, 25.682191780821917, 23.666666666666668, 23.101092896174862])
('San Mateo-California', 'NO2', [38.76502732240437, 39.44931506849315, 35.29945054945055, 37.558904109589044, 33.46994535519126, 35.01381215469613, 33.93785310734463, 31.175342465753424, 31.95798319327731, 29.710743801652892, 29.057534246575344, 30.642857142857142, 28.292349726775956, 27.833333333333332, 27.899441340782122, 25.317808219178083, 24.754874651810585, 24.290055248618785, 24.13972602739726, 22.85753424657534, 23.715846994535518])
('Santa Barbara-California', 'NO2', [15.41062801932367, 15.305726872246696, 14.087088274044795, 14.16005326231691, 12.884009610250935, 12.48445022771633, 12.404755881608905, 12.158480189976252, 12.602339181286549, 12.469521487351416, 12.19224924012158, 14.396103896103897, 12.904314720812183, 9.806786915316417, 10.181603076013014, 11.425067385444743, 11.129778672032193, 10.676823176823177, 9.435122740760724, 9.383233532934131, 9.70264867566217])
('Santa Cruz-California', 'NO2', [16.568862275449103, 18.058309037900873, 17.91588785046729, 16.357400722021662, 14.169444444444444, 15.585106382978724, 16.0, 13.43313953488372, 13.67590027700831, 10.303030303030303, 10.03631284916201, 11.851648351648352, 10.770491803278688, 10.64931506849315, 11.06027397260274, 9.491349480968859, 10.298076923076923, 9.658333333333333, 9.636111111111111, 9.665753424657535, 8.652892561983471])
('Solano-California', 'NO2', [31.221311475409838, 31.083102493074794, 29.761772853185594, 30.75766016713092, 27.24793388429752, 26.86849315068493, 26.281767955801104, 25.861495844875346, 25.472677595628415, 22.895027624309392, 23.161643835616438, 24.767123287671232, 22.718579234972676, 22.057534246575344, 22.005494505494507, 21.044198895027623, 20.491803278688526, 18.64265129682997, 20.84931506849315, 16.79375, 16.85909712722298])
('Sonoma-California', 'NO2', [28.96901408450704, 27.926829268292682, 26.544198895027623, 26.89835164835165, 26.4986301369863, 26.82941176470588, 26.921348314606742, 26.306849315068494, 24.78082191780822, 23.235616438356164, 24.77391304347826, 24.65205479452055, 22.15426997245179, 23.389041095890413, 22.515068493150686, 21.81095890410959, 19.934426229508198, 19.44109589041096, 20.068493150684933, 19.572602739726026, 19.469945355191257])
('Stanislaus-California', 'NO2', [34.97671232876712, 35.14670658682635, 31.726814516129032, 32.58430717863105, 35.73146622734761, 34.39279588336192, 33.567081604426, 32.245098039215684, 29.980241492864984, 31.61925287356322, 30.968188105117566, 33.32869080779944, 28.923287671232877, 29.922173274596183, 29.75890410958904, 27.424827586206895, 24.513698630136986, 24.396802325581394, 24.49041095890411, 22.232876712328768, 21.886740331491712])
('Suffolk-Massachusetts', 'NO2', [44.10270009643202, 43.248901903367496, 39.84556720686368, 41.92303433001108, 39.58470847084708, 40.70656192236599, 41.46492048643592, 37.33474377056888, 41.41545893719807, 39.29237288135593, 39.476551724137934, 36.781653746770026, 33.02522775052558, 32.98316498316498, 32.45540796963947, 32.336708860759494, 28.844841592201462, 29.776892430278885, 28.03680981595092, 30.085616438356166, 28.8703125])
('Sullivan-Tennessee', 'NO2', [39.23076923076923, 34.8027397260274, 35.608163265306125, 33.843835616438355, 33.5364238410596, 31.67065868263473, 31.843478260869563, 33.463013698630135, 31.56838905775076, 35.255494505494504, 32.48626373626374, 29.956043956043956, 29.043956043956044, 28.926027397260274, 26.504109589041096, 28.986225895316803, 26.397759103641455, 27.270588235294117, 24.79179810725552, 22.80939226519337, 20.887005649717516])
('Tarrant-Texas', 'NO2', [31.96600566572238, 29.96078431372549, 28.600583090379008, 29.605504587155963, 30.420454545454547, 26.69187675070028, 33.047222222222224, 32.348294434470375, 33.07905138339921, 31.953168044077135, 28.32321699544765, 31.440277777777776, 26.759708737864077, 25.9070796460177, 23.873488372093025, 23.715341959334566, 22.65141811527905, 24.76951331496786, 23.822018348623853, 23.145471180237877, 21.605479452054794])
('Travis-Texas', 'NO2', [33.027472527472526, 30.47005988023952, 30.68103448275862, 29.608069164265128, 31.126712328767123, 28.19283746556474, 31.05, 35.70679012345679, 31.52547770700637, 10.678947368421053, 9.104166666666666, 12.853820598006644, 11.204545454545455, 9.327044025157234, 9.075, 9.62738301559792, 8.03370786516854, 10.327338129496402, 9.209764918625678, 7.664804469273743, 7.609550561797753])
('Tulsa-Oklahoma', 'NO2', [25.933709449929477, 28.228094575799723, 23.23611111111111, 26.158273381294965, 25.44683908045977, 23.892395982783356, 25.039244186046513, 20.710166919575112, 22.444604316546762, 24.058055152394775, 24.667660208643817, 26.857938718662954, 24.736766809728184, 24.27882037533512, 20.929460580912863, 21.603734439834025, 10.66120218579235, 24.759668508287294, 24.115068493150684, 20.683431952662723, 22.81699346405229])
('Union-New Jersey', 'NO2', [48.20713305898491, 46.51862068965517, 44.33473389355742, 44.40466392318244, 47.69135802469136, 45.3133704735376, 48.848575712143926, 48.516886930983844, 48.01327433628319, 48.16323529411765, 56.013698630136986, 56.337950138504155, 54.49589041095891, 54.21978021978022, 53.014409221902014, 44.36768802228412, 43.30874316939891, 45.43561643835616, 44.03888888888889, 40.59610027855153, 39.93333333333333])
('Wayne-Michigan', 'NO2', [37.57043478260869, 39.2821270310192, 37.19966722129784, 33.21021897810219, 33.71727019498607, 35.98153409090909, 37.91279887482419, 33.578125, 35.84431137724551, 33.254464285714285, 36.059654631083205, 35.085152838427945, 36.81935483870968, 36.8015503875969, 33.739669421487605, 33.957325746799434, 28.717868338557995, 31.661538461538463, 26.78082191780822, 26.67579908675799, 25.173553719008265])
('Worcester-Massachusetts', 'NO2', [44.22159090909091, 40.745152354570635, 34.59375, 36.23561643835617, 38.10468319559229, 42.889830508474574, 37.69405099150141, 34.05833333333333, 31.336111111111112, 32.94984326018809, 30.12463768115942, 33.37461300309597, 29.826979472140764, 33.21643835616438, 29.34072022160665, 26.10810810810811, 24.826589595375722, 24.39835164835165, 23.91111111111111, 24.54794520547945, 23.704735376044567])
