('Anchorage -Alaska', 'PM10', [22.169069462647446, 21.349381017881704, 25.569794050343248, 26.70967741935484, 30.281553398058254, 23.53829557713053, 23.473684210526315, 21.488188976377952, 22.79460580912863, 23.424932975871315, 20.06967213114754, 17.596747967479676, 20.682989690721648, 20.76923076923077, 22.914438502673796, 24.553370786516854, 18.654654654654653, 19.94812680115274, 19.477124183006534, 19.882539682539683, 18.222910216718265])
('Asotin-Washington', 'PM10', [35.395348837209305, 28.804878048780488, 29.70909090909091, 35.59649122807018, 27.016666666666666, 30.57377049180328, 32.51724137931034, 27.74137931034483, 28.571428571428573, 32.05555555555556, 26.285714285714285, 28.303571428571427, 24.93220338983051, 24.436363636363637, 24.05, 24.533333333333335, 22.4, 24.339285714285715, 22.425925925925927, 18.170731707317074, 14.0])
('Bannock-Idaho', 'PM10', [39.15432098765432, 38.4635761589404, 31.99390243902439, 33.78095238095238, 39.11194029850746, 32.38793103448276, 25.867549668874172, 22.263286999182338, 23.75900900900901, 21.580482897384307, 19.998410174880764, 23.516393442622952, 23.768229166666668, 24.385026737967916, 23.656, 18.976, 19.854545454545455, 19.72566371681416, 19.098484848484848, 20.359712230215827, 19.733333333333334])
('Bernalillo-New Mexico', 'PM10', [32.25, 31.550918196994992, 26.130699088145896, 27.62256267409471, 21.550228310502284, 20.676576576576576, 20.443002780352177, 24.65961049957663, 26.659927797833934, 22.17304964539007, 24.60431654676259, 29.16, 25.06228373702422, 24.99503311258278, 32.43693693693694, 31.93431855500821, 25.55263157894737, 28.658615136876005, 32.342948717948715, 28.79933110367893, 25.947552447552447])
('Bexar-Texas', 'PM10', [23.902127659574468, 25.22758620689655, 23.205555555555556, 23.45098039215686, 22.916201117318437, 21.170454545454547, 21.11111111111111, 19.25, 17.394285714285715, 19.03448275862069, 24.423728813559322, 22.02173913043478, 21.859375, 20.75, 20.686274509803923, 18.491525423728813, 18.05263157894737, 17.6, 17.35, 18.6, 16.791666666666668])
('Boulder-Colorado', 'PM10', [31.598837209302324, 32.17269076305221, 21.71891891891892, 20.835443037974684, 21.409921671018278, 22.796915167095115, 18.920308483290487, 17.18348623853211, 16.90888888888889, 15.480968858131488, 19.47004608294931, 19.128755364806867, 18.565217391304348, 18.30550284629981, 18.36774193548387, 18.05504587155963, 18.287037037037038, 19.56382978723404, 17.283185840707965, 21.0625, 18.68695652173913])
('Boyd-Kentucky', 'PM10', [34.92528735632184, 34.295597484276726, 31.185, 30.959302325581394, 24.307692307692307, 27.321862348178136, 29.53386454183267, 25.779116465863453, 26.291338582677167, 26.088, 24.991983967935873, 28.43599257884972, 26.385135135135137, 24.847161572052403, 20.405117270788914, 25.65573770491803, 24.14876033057851, 30.838709677419356, 30.28448275862069, 36.14035087719298, 27.10655737704918])
('Brooke-West Virginia', 'PM10', [33.42307692307692, 36.244897959183675, 35.84873949579832, 35.854651162790695, 29.8969696969697, 30.786127167630056, 28.929411764705883, 30.46820809248555, 28.086206896551722, 23.02840909090909, 26.35593220338983, 24.983333333333334, 24.338983050847457, 24.26271186440678, 25.058333333333334, 23.71186440677966, 24.316239316239315, 24.866666666666667, 22.758333333333333, 23.182608695652174, 20.369747899159663])
('Broward-Florida', 'PM10', [21.896103896103895, 21.186915887850468, 18.666666666666668, 17.585365853658537, 16.661914460285132, 16.950570342205324, 15.465648854961833, 14.829174664107486, 15.711252653927813, 15.647294589178356, 18.72365805168986, 15.44150110375276, 15.677033492822966, 16.447837150127228, 13.934065934065934, 17.006451612903227, 16.472477064220183, 14.972850678733032, 14.402597402597403, 13.607843137254902, 14.61504424778761])
('Buchanan-Missouri', 'PM10', [39.95428571428572, 39.2962962962963, 36.04326923076923, 38.26536312849162, 34.739495798319325, 27.88135593220339, 30.545454545454547, 29.30857142857143, 28.185185185185187, 28.45639534883721, 23.431372549019606, 38.46808510638298, 28.272727272727273, 31.714285714285715, 29.384615384615383, 29.747826086956522, 28.220338983050848, 29.31578947368421, 26.401129943502823, 26.936781609195403, 28.06508875739645])
('Butte-California', 'PM10', [33.90756302521008, 32.560344827586206, 32.50617283950617, 35.97222222222222, 30.442857142857143, 26.52054794520548, 30.333333333333332, 26.36986301369863, 23.507462686567163, 23.73015873015873, 20.683333333333334, 29.21875, 25.958333333333332, 22.278260869565216, 22.46031746031746, 17.760330578512395, 21.262295081967213, 18.75, 21.0327868852459, 19.12295081967213, 20.4625])
('Camden-New Jersey', 'PM10', [29.300518134715027, 27.209944751381215, 25.706214689265536, 28.071942446043167, 25.598360655737704, 27.5, 27.353932584269664, 25.78021978021978, 25.735955056179776, 24.833333333333332, 21.86813186813187, 19.210084033613445, 24.660869565217393, 25.44144144144144, 22.322033898305083, 24.38095238095238, 19.375, 30.427672955974842, 27.20567375886525, 27.48076923076923, 24.345588235294116])
('Cass-Nebraska', 'PM10', [36.52173913043478, 34.316923076923075, 29.534954407294833, 30.568807339449542, 28.441860465116278, 25.244444444444444, 28.47480106100796, 24.541152263374485, 26.86815415821501, 25.55217391304348, 28.359649122807017, 36.12676056338028, 30.155555555555555, 24.83046683046683, 27.067164179104477, 24.885, 21.705263157894738, 25.629441624365484, 25.677740863787374, 23.011904761904763, 20.65340909090909])
('Chatham-Georgia', 'PM10', [36.981818181818184, 39.13793103448276, 35.31666666666667, 33.8421052631579, 32.875, 32.04081632653061, 31.725490196078432, 36.0, 32.416666666666664, 24.16923076923077, 23.22641509433962, 23.037037037037038, 19.245283018867923, 18.703703703703702, 14.48076923076923, 18.537037037037038, 18.655172413793103, 22.54385964912281, 21.310344827586206, 22.64406779661017, 20.050847457627118])
('Chittenden-Vermont', 'PM10', [19.228571428571428, 19.870229007633586, 19.573170731707318, 18.26060606060606, 17.779661016949152, 15.850299401197605, 16.25, 15.702247191011235, 16.26219512195122, 16.411392405063292, 15.557522123893806, 13.693121693121693, 11.374269005847953, 11.495726495726496, 10.801724137931034, 17.674418604651162, 14.799126637554584, 15.030567685589519, 13.343137254901961, 8.639769452449567, 7.6438356164383565])
('Clark-Nevada', 'PM10', [37.3359375, 41.99230769230769, 38.935018050541515, 35.886861313868614, 28.69191919191919, 27.55363321799308, 30.19858156028369, 34.20810514786418, 37.0685552407932, 30.84874759152216, 27.989958653278205, 31.348071324599708, 28.128734383487235, 28.201941747572814, 31.4406580493537, 27.40852606144287, 24.15695538057743, 23.251997868939796, 22.44494748279609, 22.538095238095238, 20.70948012232416])
('Columbiana-Ohio', 'PM10', [31.778846153846153, 32.69085173501577, 29.35234899328859, 31.448275862068964, 28.656324582338904, 25.896882494004796, 27.671604938271606, 26.326829268292684, 24.539759036144577, 23.984615384615385, 29.37051792828685, 30.586206896551722, 35.829787234042556, 25.708333333333332, 26.0, 27.75221238938053, 24.88888888888889, 27.504347826086956, 25.271929824561404, 25.70175438596491, 24.128205128205128])
('Colusa-California', 'PM10', [30.09090909090909, 27.65, 30.328767123287673, 35.83606557377049, 26.942857142857143, 23.065573770491802, 27.296875, 31.338028169014084, 25.033898305084747, 23.35483870967742, 19.049180327868854, 30.678571428571427, 21.516666666666666, 22.74576271186441, 6.106122448979592, 3.9258160237388724, 8.422764227642276, 3.6225402504472273, 3.2605905006418485, 3.4199346405228757, 3.034188034188034])
('Cook-Illinois', 'PM10', [36.94427244582043, 35.87243243243243, 33.259730538922156, 32.891840607210625, 33.048758865248224, 31.753076292042657, 35.08110300081103, 31.68860946745562, 28.797549280767182, 27.356699751861044, 29.18097014925373, 28.088709677419356, 27.089698046181173, 28.670152091254753, 26.068466730954675, 25.385, 25.290030211480364, 26.698396793587175, 23.19083255378859, 25.981203007518797, 22.471189591078065])
('Cumberland-Maine', 'PM10', [19.658798283261802, 20.463141025641026, 19.06813996316759, 19.570532915360502, 17.411140583554378, 17.395061728395063, 17.438818565400844, 18.4025974025974, 17.01156069364162, 18.754285714285714, 17.66883116883117, 17.098765432098766, 17.936046511627907, 18.58433734939759, 17.394285714285715, 20.647321428571427, 23.494949494949495, 25.256880733944953, 21.75221238938053, 22.304878048780488, 22.141176470588235])
('Cumberland-North Carolina', 'PM10', [29.862068965517242, 26.508474576271187, 28.68421052631579, 24.96551724137931, 24.036363636363635, 25.228070175438596, 23.11320754716981, 21.637931034482758, 23.383333333333333, 23.086206896551722, 25.689655172413794, 21.457142857142856, 23.14851485148515, 19.964912280701753, 18.842105263157894, 17.655172413793103, 18.29032258064516, 17.482758620689655, 16.706666666666667, 17.303030303030305, 15.96551724137931])
('Cuyahoga-Ohio', 'PM10', [38.36504424778761, 39.80821917808219, 35.56718634001485, 34.72846441947566, 32.39339019189765, 33.57761053621825, 37.80159521435693, 36.45, 34.37907869481766, 34.65557729941292, 35.30518234165067, 34.50098619329388, 34.26930501930502, 32.452795600366635, 28.901486988847584, 31.070695553021665, 28.219325153374232, 31.09188361408882, 24.1875, 26.239600665557404, 24.816770186335404])
('Dallas-Texas', 'PM10', [28.924418604651162, 28.42296918767507, 27.535, 24.211409395973153, 23.16343490304709, 22.915211970074814, 23.110849056603772, 25.576190476190476, 25.592039800995025, 23.423728813559322, 26.069164265129682, 25.17161716171617, 25.282608695652176, 25.368600682593858, 24.33103448275862, 26.142857142857142, 23.28235294117647, 26.142857142857142, 23.735294117647058, 20.575757575757574, 19.94736842105263])
('DeKalb-Georgia', 'PM10', [33.08474576271186, 30.901639344262296, 42.25454545454546, 32.40350877192982, 25.583333333333332, 25.53448275862069, 25.17241379310345, 25.766666666666666, 24.59016393442623, 24.47457627118644, 27.303571428571427, 20.945454545454545, 18.533333333333335, 18.18867924528302, 17.145454545454545, 23.418181818181818, 23.152542372881356, 21.603448275862068, 20.844827586206897, 26.107142857142858, 19.48076923076923])
('Delta-Colorado', 'PM10', [22.6, 33.23668639053255, 30.994285714285713, 35.836158192090394, 30.439306358381504, 27.25423728813559, 28.52887537993921, 22.4093567251462, 23.583333333333332, 20.93645484949833, 19.858024691358025, 25.723529411764705, 19.725, 23.264150943396228, 24.016949152542374, 25.847457627118644, 20.339285714285715, 22.94047619047619, 22.616071428571427, 24.056603773584907, 22.582608695652173])
('Denver-Colorado', 'PM10', [30.242524916943523, 30.65799256505576, 28.23856209150327, 29.541176470588237, 27.716157205240176, 29.87074829931973, 26.332203389830507, 21.871794871794872, 22.943201376936315, 22.274061990212072, 26.53281853281853, 25.25595238095238, 26.020242914979757, 29.893700787401574, 29.500711237553343, 27.672340425531914, 23.797101449275363, 24.799701046337816, 22.287988422575978, 24.97590361445783, 24.34390651085142])
('Deschutes-Oregon', 'PM10', [32.94468085106383, 34.11818181818182, 26.876777251184834, 30.02970297029703, 33.4337899543379, 37.53846153846154, 31.941747572815533, 27.689320388349515, 27.420289855072465, 27.00990099009901, 22.666666666666668, 26.267123287671232, 28.550335570469798, 19.373333333333335, 21.29824561403509, 17.81967213114754, 15.574074074074074, 16.610169491525422, 17.345454545454544, 15.444444444444445, 15.375])
('Douglas-Nebraska', 'PM10', [38.50597609561753, 39.347266881028936, 35.292929292929294, 34.52879581151832, 31.559493670886077, 30.239185750636132, 30.23076923076923, 28.742424242424242, 33.06818181818182, 33.477572559366756, 33.53260869565217, 34.92439862542955, 34.88235294117647, 36.04416403785489, 32.12722646310433, 31.25889328063241, 25.619230769230768, 28.80668257756563, 29.859060402684563, 27.273722627737225, 26.097014925373134])
('Dubois-Indiana', 'PM10', [33.25423728813559, 32.48148148148148, 31.53191489361702, 34.234042553191486, 28.714285714285715, 26.339285714285715, 28.346938775510203, 28.294117647058822, 22.563636363636363, 21.925925925925927, 25.517241379310345, 24.5, 23.633333333333333, 20.934782608695652, 17.982456140350877, 19.17241379310345, 17.98181818181818, 23.69090909090909, 17.927272727272726, 22.842105263157894, 16.930232558139537])
('Duval-Florida', 'PM10', [29.37313432835821, 34.54945054945055, 31.664835164835164, 29.57777777777778, 23.630681818181817, 24.731843575418996, 24.126373626373628, 24.96195652173913, 22.571428571428573, 23.692307692307693, 28.025210084033613, 25.044303797468356, 23.07909604519774, 23.13888888888889, 21.622093023255815, 22.23497267759563, 21.447513812154696, 21.377777777777776, 20.694444444444443, 21.25, 19.319148936170212])
('El Dorado-California', 'PM10', [28.556962025316455, 25.47, 27.0, 25.745454545454546, 23.989583333333332, 20.79646017699115, 20.616666666666667, 18.776859504132233, 18.612068965517242, 18.18487394957983, 17.491525423728813, 17.683760683760685, 14.164835164835164, 14.016304347826088, 14.43646408839779, 12.524861878453038, 13.993589743589743, 14.223684210526315, 13.733333333333333, 13.5, 14.836065573770492])
('El Paso-Colorado', 'PM10', [24.925589836660617, 24.262250453720508, 19.83651226158038, 22.966698382492865, 20.506769825918763, 21.028545119705342, 20.18709677419355, 18.322274881516588, 18.664271047227928, 18.07831325301205, 17.808823529411764, 16.399345335515548, 16.858712715855575, 18.62624254473161, 23.35981308411215, 21.081545064377682, 20.183760683760685, 21.141592920353983, 20.609053497942387, 21.56896551724138, 19.010752688172044])
('El Paso-Texas', 'PM10', [47.88594704684318, 43.732686980609415, 37.90371389270977, 31.087481146304675, 30.842565597667637, 28.48973607038123, 28.65583456425406, 30.18141592920354, 30.435820895522387, 26.563845050215207, 28.095700416088764, 35.151069518716575, 34.185955786736024, 30.66501240694789, 34.26943005181347, 43.505434782608695, 27.476666666666667, 25.402640264026402, 26.78723404255319, 25.90753424657534, 24.15702479338843])
('Fairfax-Virginia', 'PM10', [30.086206896551722, 36.085470085470085, 24.976608187134502, 25.4009009009009, 22.35483870967742, 21.25531914893617, 19.539518900343644, 19.625954198473284, 19.2007722007722, 18.050359712230215, 18.09917355371901, 18.01290322580645, 18.19496855345912, 17.462962962962962, 16.624242424242425, 16.23780487804878, 17.012269938650306, 18.29824561403509, 18.313253012048193, 18.37888198757764, 16.651162790697676])
('Fairfield-Connecticut', 'PM10', [24.70539419087137, 26.09393346379648, 24.779693486590038, 28.063291139240505, 21.568513119533527, 20.44956772334294, 24.562326869806093, 21.918114143920594, 22.026392961876834, 21.84262295081967, 20.331360946745562, 20.234782608695653, 20.89406779661017, 18.613559322033897, 17.03071672354949, 19.73006134969325, 14.36094674556213, 15.392638036809815, 17.96894409937888, 16.579268292682926, 16.271676300578033])
('Flathead-Montana', 'PM10', [37.58689458689459, 28.20349761526232, 25.475, 28.378706199460918, 30.561842105263157, 25.64087061668682, 27.70661672908864, 21.84355828220859, 20.78048780487805, 20.052104208416832, 22.516363636363636, 19.676579925650557, 20.203389830508474, 19.166666666666668, 15.598802395209582, 28.78030303030303, 18.367521367521366, 17.05673758865248, 18.47457627118644, 25.666666666666668, 17.187878787878788])
('Fremont-Colorado', 'PM10', [20.582089552238806, 21.517441860465116, 17.615151515151513, 21.202380952380953, 19.186046511627907, 17.915625, 18.816265060240966, 16.23793103448276, 15.217391304347826, 15.254545454545454, 15.03448275862069, 15.733333333333333, 15.183333333333334, 14.05084745762712, 15.43859649122807, 13.810344827586206, 12.483870967741936, 16.685185185185187, 15.526315789473685, 15.339285714285714, 15.189655172413794])
('Fremont-Wyoming', 'PM10', [34.601694915254235, 27.084, 24.719806763285025, 31.153153153153152, 29.39075630252101, 29.823275862068964, 28.827715355805243, 23.854889589905362, 21.311475409836067, 22.309608540925268, 24.58823529411765, 18.34234234234234, 20.393939393939394, 25.206666666666667, 19.8659793814433, 19.09278350515464, 18.192660550458715, 19.084033613445378, 17.324074074074073, 17.29126213592233, 19.333333333333332])
('Fresno-California', 'PM10', [44.941964285714285, 46.90764331210191, 47.73828125, 43.33108108108108, 39.8780487804878, 37.29050279329609, 35.242753623188406, 35.834920634920636, 32.09415584415584, 35.7037037037037, 30.962457337883958, 38.00706713780919, 34.03741496598639, 36.45360824742268, 38.00662251655629, 34.31491712707182, 31.34463276836158, 31.357142857142858, 34.66285714285714, 30.708108108108107, 32.6448087431694])
('Fulton-Georgia', 'PM10', [40.421052631578945, 37.05769230769231, 36.95, 32.706896551724135, 30.586206896551722, 32.22826086956522, 27.841666666666665, 29.20689655172414, 26.92753623188406, 27.965034965034967, 26.19753086419753, 27.67484662576687, 29.21951219512195, 27.529411764705884, 21.740963855421686, 23.753012048192772, 23.48876404494382, 23.135593220338983, 25.99462365591398, 24.713043478260868, 20.0])
('Garfield-Colorado', 'PM10', [27.62540716612378, 29.891696750902526, 28.61627906976744, 28.90277777777778, 24.887931034482758, 29.316831683168317, 26.54, 23.612244897959183, 23.020408163265305, 19.956043956043956, 20.641509433962263, 21.4811320754717, 16.759358288770052, 17.49673202614379, 18.795698924731184, 16.741573033707866, 20.673684210526314, 15.953982300884956, 17.538555691554468, 17.673202614379086, 32.924778761061944])
('Gila-Arizona', 'PM10', [33.58695652173913, 38.594202898550726, 28.030927835051546, 26.15909090909091, 21.913333333333334, 22.11038961038961, 22.602739726027398, 32.30769230769231, 28.482758620689655, 26.74576271186441, 26.45, 30.24074074074074, 27.47826086956522, 23.613333333333333, 27.40764331210191, 22.927835051546392, 17.071672354948806, 19.245551601423486, 20.666666666666668, 20.15686274509804, 19.214285714285715])
('Glenn-California', 'PM10', [31.71186440677966, 25.116666666666667, 27.056338028169016, 31.055555555555557, 26.197183098591548, 22.472972972972972, 27.308823529411764, 28.441176470588236, 22.442622950819672, 21.238095238095237, 19.12280701754386, 26.174603174603174, 21.58730158730159, 23.406779661016948, 26.096774193548388, 18.672131147540984, 22.508196721311474, 19.131147540983605, 20.135593220338983, 18.05, 23.389830508474578])
('Grant-New Mexico', 'PM10', [38.28491620111732, 27.155339805825243, 22.858895705521473, 19.472826086956523, 19.905555555555555, 17.23913043478261, 18.25, 19.275, 18.129943502824858, 17.405405405405407, 15.880681818181818, 18.661016949152543, 16.508670520231213, 14.76923076923077, 17.773333333333333, 14.973684210526315, 13.307017543859649, 14.834782608695653, 16.9375, 11.723214285714286, 11.96039603960396])
('Greene-Missouri', 'PM10', [20.949152542372882, 20.075757575757574, 19.98324022346369, 16.853932584269664, 17.511111111111113, 16.07734806629834, 16.12568306010929, 20.04954954954955, 20.9, 16.780590717299578, 16.767295597484278, 16.16949152542373, 16.983606557377048, 18.229508196721312, 16.533333333333335, 15.245901639344263, 15.540983606557377, 17.9, 14.77570093457944, 16.735632183908045, 13.94186046511628])
('Guaynabo-Puerto Rico', 'PM10', [41.01190476190476, 39.16216216216216, 36.795081967213115, 31.937901498929335, 27.20448548812665, 31.367924528301888, 30.502937720329026, 25.78980891719745, 28.8424317617866, 32.1686460807601, 31.299707602339183, 34.29251700680272, 32.451536643026, 32.313978494623655, 31.21098901098901, 30.317460317460316, 29.909492273730685, 30.96997690531178, 34.21497584541063, 32.707656612529, 29.988338192419825])
('Guilford-North Carolina', 'PM10', [32.698113207547166, 30.42622950819672, 26.40983606557377, 27.10169491525424, 22.916666666666668, 25.637931034482758, 21.556521739130435, 23.485714285714284, 24.1900826446281, 23.860655737704917, 25.170731707317074, 23.925925925925927, 21.810344827586206, 19.49425287356322, 16.555555555555557, 16.423728813559322, 14.5, 15.781512605042018, 19.305882352941175, 18.027522935779817, 14.473214285714286])
('Gunnison-Colorado', 'PM10', [27.082758620689656, 33.01639344262295, 25.595238095238095, 30.770833333333332, 29.8, 28.98857142857143, 29.154761904761905, 28.44927536231884, 30.071428571428573, 38.17689530685921, 30.221967963386728, 26.65783664459161, 23.396825396825395, 20.633273703041144, 22.08407871198569, 20.86254295532646, 20.815198618307427, 25.02127659574468, 24.024475524475523, 24.164529914529915, 19.59919028340081])
('Hamilton-Ohio', 'PM10', [35.66796875, 38.50864197530864, 31.575620767494357, 30.965174129353233, 30.711206896551722, 30.569979716024342, 29.38659793814433, 30.09259259259259, 28.05725971370143, 28.24742268041237, 27.525612472160358, 24.422169811320753, 25.358241758241757, 23.759036144578314, 21.11842105263158, 23.573275862068964, 21.046511627906977, 24.13529411764706, 19.43502824858757, 23.526946107784433, 19.15909090909091])
('Hamilton-Tennessee', 'PM10', [37.285714285714285, 31.75862068965517, 34.49586776859504, 35.02564102564103, 31.50862068965517, 29.034188034188034, 30.155172413793103, 29.727272727272727, 29.675213675213676, 25.157894736842106, 25.708333333333332, 25.8135593220339, 26.975409836065573, 25.267241379310345, 20.25, 20.35, 20.084745762711865, 20.634615384615383, 19.704, 19.11111111111111, 16.369747899159663])
('Hampden-Massachusetts', 'PM10', [33.3125, 26.285714285714285, 22.07471264367816, 23.530232558139534, 21.638297872340427, 21.52777777777778, 23.30388692579505, 21.242424242424242, 22.833333333333332, 22.81512605042017, 21.810344827586206, 25.613496932515336, 23.9390243902439, 22.24468085106383, 19.631901840490798, 18.98, 17.551724137931036, 20.62264150943396, 17.43859649122807, 16.983050847457626, 15.3])
('Hampshire-Massachusetts', 'PM10', [9.875, 13.412844036697248, 12.845454545454546, 12.635294117647058, 11.376344086021506, 10.345794392523365, 11.0, 10.477064220183486, 10.718181818181819, 10.56140350877193, 10.457142857142857, 12.410714285714286, 10.431034482758621, 11.474576271186441, 11.135593220338983, 10.264150943396226, 9.807017543859649, 11.672413793103448, 10.571428571428571, 9.843137254901961, 9.083333333333334])
('Hancock-West Virginia', 'PM10', [39.553264604811, 37.799418604651166, 37.36599423631124, 37.916913946587535, 31.84375, 33.072886297376094, 34.39936102236422, 35.045592705167174, 32.32091690544413, 28.669590643274855, 29.479591836734695, 27.3, 27.885245901639344, 27.42622950819672, 27.75862068965517, 29.338983050847457, 25.065573770491802, 23.087719298245613, 18.266666666666666, 20.91111111111111, 17.48314606741573])
('Harris-Texas', 'PM10', [28.3796992481203, 31.426966292134832, 31.445475638051043, 30.685436893203885, 29.913123844731977, 27.68122270742358, 28.47222222222222, 27.35796766743649, 24.276169265033406, 24.344473007712082, 26.916666666666668, 24.717021276595744, 25.55243445692884, 23.98175182481752, 23.31239092495637, 23.682713347921226, 22.95010845986985, 25.405117270788914, 28.205944798301488, 27.70995670995671, 26.716589861751153])
('Hartford-Connecticut', 'PM10', [21.039735099337747, 21.5193199381762, 18.822605965463108, 21.527964205816556, 18.527659574468085, 17.090697674418603, 18.42792792792793, 15.514218009478673, 16.57909604519774, 17.60845070422535, 17.701030927835053, 15.609318996415771, 14.237668161434977, 14.226851851851851, 13.251336898395722, 15.745762711864407, 13.807017543859649, 14.145454545454545, 14.372881355932204, 13.196428571428571, 12.642857142857142])
('Hillsborough-Florida', 'PM10', [29.24576271186441, 28.479338842975206, 28.658163265306122, 26.845833333333335, 26.20655737704918, 25.926829268292682, 24.900990099009903, 22.799154334038054, 23.00159489633174, 24.377586206896552, 25.552447552447553, 23.298305084745763, 24.387687188019967, 24.08, 19.735294117647058, 21.29746835443038, 19.725490196078432, 19.969444444444445, 23.59722222222222, 22.414893617021278, 20.786069651741293])
('Hillsborough-New Hampshire', 'PM10', [24.026315789473685, 20.370833333333334, 17.116959064327485, 17.991404011461317, 15.747875354107649, 15.718840579710145, 13.534883720930232, 12.97463768115942, 14.684027777777779, 16.48172757475083, 14.435714285714285, 14.621818181818181, 13.543478260869565, 14.607272727272727, 14.785310734463277, 17.033519553072626, 14.725, 18.096491228070175, 14.11965811965812, 13.208695652173914, 12.625])
('Imperial-California', 'PM10', [47.06707317073171, 56.2485549132948, 42.63483146067416, 50.5025641025641, 40.410377358490564, 42.43801652892562, 45.3482428115016, 43.23340471092077, 48.14678899082569, 47.182232346241456, 37.847311827956986, 43.845991561181435, 49.68805704099822, 49.28260869565217, 47.87041036717063, 53.10683760683761, 43.36690647482014, 33.6712962962963, 41.53694581280788, 46.28534031413613, 35.39666666666667])
('Jackson-Oregon', 'PM10', [45.31505102040816, 45.00364520048603, 39.088201603665524, 36.5080875356803, 26.672531769305962, 25.819323671497585, 24.00297619047619, 19.714912280701753, 19.91715976331361, 21.964406779661015, 18.509933774834437, 21.946428571428573, 20.948660714285715, 18.347826086956523, 20.62750716332378, 18.203187250996017, 19.204545454545453, 18.406666666666666, 19.1731843575419, 20.46825396825397, 17.68595041322314])
('Josephine-Oregon', 'PM10', [41.87890625, 40.53879310344828, 33.43162393162393, 33.55825242718446, 29.671814671814673, 30.669811320754718, 25.36156351791531, 19.87713310580205, 19.526970954356848, 21.797101449275363, 17.208333333333332, 17.746192893401016, 16.58641975308642, 16.708333333333332, 17.620689655172413, 15.275862068965518, 15.026315789473685, 14.543859649122806, 14.360655737704919, 12.0, 13.385964912280702])
('Juneau -Alaska', 'PM10', [15.129651860744298, 19.96368467670505, 21.374464438731792, 26.263940520446095, 20.695027624309393, 20.33181299885975, 15.960110041265475, 16.658653846153847, 16.881141045958795, 12.445333333333334, 11.266666666666667, 6.212389380530974, 7.260416666666667, 6.390243902439025, 7.381818181818182, 8.918367346938776, 9.117647058823529, 10.265625, 8.573770491803279, 7.25, 7.4576271186440675])
('Kent-Michigan', 'PM10', [23.18, 25.302083333333332, 27.09009009009009, 23.79824561403509, 30.362068965517242, 18.26595744680851, 22.067460317460316, 19.36697247706422, 19.064814814814813, 17.05982905982906, 19.67241379310345, 17.39814814814815, 17.275229357798164, 18.49137931034483, 17.296296296296298, 17.310344827586206, 14.601769911504425, 17.75423728813559, 15.764044943820224, 16.762886597938145, 10.939655172413794])
('Kern-California', 'PM10', [52.84, 53.2890625, 44.246684350132625, 44.9855421686747, 37.76559139784946, 33.281179138321995, 31.683729433272394, 34.76056338028169, 31.517426273458444, 31.39378238341969, 29.75, 35.37718120805369, 33.195302843016066, 32.227353463587924, 33.67724867724868, 30.97653429602888, 32.092369477911646, 29.789795918367346, 36.07310704960835, 35.763959390862944, 39.134246575342466])
('Knox-Tennessee', 'PM10', [38.326530612244895, 32.87943262411348, 32.268085106382976, 36.52, 32.14705882352941, 32.251063829787235, 32.33185840707964, 30.756410256410255, 30.369565217391305, 29.22222222222222, 27.48739495798319, 28.026315789473685, 27.95098039215686, 25.00561797752809, 23.396464646464647, 22.363636363636363, 21.853018372703414, 22.99397590361446, 21.84567901234568, 24.735955056179776, 19.466666666666665])
('La Salle-Illinois', 'PM10', [42.6271186440678, 48.71666666666667, 42.440677966101696, 35.49122807017544, 33.7, 25.785714285714285, 31.033898305084747, 27.544444444444444, 26.295081967213115, 24.925824175824175, 26.115702479338843, 25.56749311294766, 23.35082872928177, 20.522346368715084, 23.61624649859944, 20.13150684931507, 22.856749311294767, 24.862258953168045, 21.79722222222222, 24.23076923076923, 24.56797583081571])
('Lake-Indiana', 'PM10', [36.68299711815562, 34.25496688741722, 32.497048406139314, 30.49882075471698, 27.93425605536332, 24.875476493011437, 26.48409893992933, 26.557062146892655, 22.037362637362637, 21.550255536626917, 23.354166666666668, 19.80628272251309, 20.594306049822062, 19.006920415224915, 16.449477351916375, 16.85990338164251, 20.465753424657535, 25.136986301369863, 20.72093023255814, 24.96987951807229, 20.63888888888889])
('Lawrence-Ohio', 'PM10', [25.3135593220339, 30.328402366863905, 30.96273291925466, 29.403508771929825, 27.107438016528924, 25.06896551724138, 27.464285714285715, 26.864406779661017, 22.51, 23.63716814159292, 22.831858407079647, 24.07758620689655, 20.953271028037385, 19.89830508474576, 18.831932773109244, 18.487179487179485, 17.256410256410255, 21.308333333333334, 16.983050847457626, 19.396551724137932, 15.266666666666667])
('Los Angeles-California', 'PM10', [48.80898876404494, 47.292635658914726, 41.45161290322581, 45.211934156378604, 36.30988593155894, 36.071294559099435, 35.271186440677965, 34.621414913957935, 33.81414141414142, 34.6811320754717, 30.75875486381323, 36.41851106639839, 34.46756756756757, 35.67130919220056, 33.825552825552826, 30.90748898678414, 29.13978494623656, 28.27408993576017, 28.525164113785557, 31.177777777777777, 27.56451612903226])
('Luna-New Mexico', 'PM10', [27.625, 29.347826086956523, 22.62264150943396, 16.721311475409838, 17.916666666666668, 16.868852459016395, 18.688524590163933, 19.083333333333332, 19.45762711864407, 16.620689655172413, 16.67241379310345, 20.220338983050848, 16.647058823529413, 17.25423728813559, 16.440677966101696, 20.67241379310345, 16.833333333333332, 20.25, 20.508474576271187, 15.931034482758621, 19.051724137931036])
('Madison-Alabama', 'PM10', [35.01923076923077, 28.71003717472119, 28.52219321148825, 25.61793372319688, 23.10927152317881, 21.585774058577407, 19.980716253443525, 20.654885654885653, 19.908902691511386, 19.473251028806583, 21.618823529411763, 21.80871670702179, 22.088516746411482, 19.502369668246445, 17.56132075471698, 17.507142857142856, 17.204225352112676, 18.19477434679335, 18.079254079254078, 19.14047619047619, 15.748218527315915])
('Madison-Illinois', 'PM10', [46.25541125541125, 47.05831903945111, 38.95961995249406, 34.61290322580645, 36.240687679083095, 29.62135922330097, 35.384408602150536, 33.530985915492955, 31.88243430152144, 31.116666666666667, 33.57183098591549, 33.69277108433735, 37.1941309255079, 37.66596638655462, 36.074786324786324, 31.94650205761317, 32.584362139917694, 35.08884297520661, 32.20464135021097, 33.721461187214615, 29.278508771929825])
('Mahoning-Ohio', 'PM10', [27.743589743589745, 31.279012345679014, 28.105882352941176, 28.839015151515152, 24.012867647058822, 24.47814910025707, 25.174785100286535, 27.136170212765958, 24.4, 23.866666666666667, 24.889830508474578, 23.324786324786324, 24.291666666666668, 21.363636363636363, 20.256410256410255, 20.65811965811966, 18.789915966386555, 23.033898305084747, 19.394957983193276, 19.94017094017094, 18.6218487394958])
('Maricopa-Arizona', 'PM10', [39.491638795986624, 44.80782918149466, 35.93112947658402, 37.345631067961165, 33.5924276169265, 34.94078947368421, 34.715555555555554, 36.166666666666664, 36.29497907949791, 43.00250941028858, 33.49170437405731, 39.3801652892562, 42.031088082901555, 35.74860335195531, 41.51996197718631, 36.924528301886795, 34.88709677419355, 35.97991967871486, 35.061293984108964, 36.81975071907958, 25.843825665859566])
('Marin-California', 'PM10', [25.166666666666668, 28.20967741935484, 23.459016393442624, 27.3, 22.639344262295083, 21.39344262295082, 21.688524590163933, 18.770491803278688, 19.60655737704918, 19.737704918032787, 18.311475409836067, 19.75, 17.62295081967213, 18.311475409836067, 19.278688524590162, 15.360655737704919, 15.573770491803279, 14.311475409836065, 15.852459016393443, 15.216666666666667, 16.28813559322034])
('Marion-Indiana', 'PM10', [31.675378266850068, 32.85190615835777, 31.435439560439562, 29.79224376731302, 27.992021276595743, 27.489740082079344, 27.91899070385126, 27.387254901960784, 23.036988110964334, 22.112627986348123, 24.663920922570018, 21.176923076923078, 21.31918505942275, 20.11888111888112, 18.163511187607572, 20.356223175965667, 18.342379958246347, 21.541755888650965, 18.02315789473684, 20.87363834422658, 18.430594900849858])
('Mecklenburg-North Carolina', 'PM10', [32.86, 31.087719298245613, 30.203389830508474, 28.52252252252252, 27.01775147928994, 25.271186440677965, 26.334728033472803, 25.343333333333334, 24.513833992094863, 26.261168384879724, 25.620338983050846, 25.52097902097902, 27.315352697095435, 23.64388489208633, 22.163090128755364, 20.625, 22.78902953586498, 22.11764705882353, 24.191011235955056, 24.778761061946902, 19.858536585365854])
('Mendocino-California', 'PM10', [28.0752688172043, 27.636363636363637, 21.165289256198346, 22.52542372881356, 20.076271186440678, 20.669565217391305, 21.579268292682926, 18.3876404494382, 18.546511627906977, 17.97159090909091, 16.03314917127072, 19.763313609467456, 17.366120218579233, 18.475138121546962, 18.37704918032787, 16.11111111111111, 15.502762430939226, 15.05, 16.35135135135135, 13.836158192090396, 18.155080213903744])
('Mesa-Colorado', 'PM10', [28.098765432098766, 27.735042735042736, 23.6218487394958, 25.95575221238938, 23.095744680851062, 22.467576791808874, 21.632867132867133, 19.271255060728745, 19.377777777777776, 18.348017621145374, 19.908163265306122, 21.150442477876105, 17.581196581196583, 18.729411764705883, 24.19634703196347, 24.11464968152866, 26.34, 23.89937106918239, 27.063953488372093, 27.2279792746114, 27.119601328903656])
('Miami-Dade-Florida', 'PM10', [26.378048780487806, 24.83050847457627, 25.923976608187136, 24.2, 23.969026548672566, 24.333333333333332, 23.051502145922747, 22.89637305699482, 23.564102564102566, 21.329218106995885, 23.882096069868997, 21.0, 21.96035242290749, 21.8868778280543, 19.19650655021834, 23.325396825396826, 24.344827586206897, 24.266666666666666, 24.34426229508197, 22.5, 23.581196581196583])
('Minnehaha-South Dakota', 'PM10', [22.133333333333333, 19.555555555555557, 17.983333333333334, 19.848101265822784, 20.434782608695652, 15.31858407079646, 20.68595041322314, 19.581967213114755, 18.08108108108108, 19.136752136752136, 19.513157894736842, 18.731578947368423, 17.792792792792792, 22.0, 18.504761904761907, 23.95575221238938, 17.1, 15.540983606557377, 18.966666666666665, 20.310344827586206, 18.82905982905983])
('Missoula-Montana', 'PM10', [32.66880616174583, 31.656565656565657, 27.588563458856346, 28.470588235294116, 26.858447488584474, 29.193548387096776, 24.31, 22.986159169550174, 23.52054794520548, 21.458745874587457, 19.49264705882353, 16.198019801980198, 25.64864864864865, 19.87037037037037, 16.8135593220339, 23.885245901639344, 19.640625, 21.481203007518797, 22.07482993197279, 21.177710843373493, 14.735905044510385])
('Mobile-Alabama', 'PM10', [32.01764705882353, 28.07391304347826, 28.058201058201057, 29.057377049180328, 29.218309859154928, 28.529411764705884, 27.526690391459073, 26.026315789473685, 23.458015267175572, 26.68421052631579, 29.108843537414966, 24.93167701863354, 22.542168674698797, 23.896725440806044, 21.81159420289855, 22.5, 25.05829596412556, 25.88995215311005, 22.92105263157895, 26.722772277227723, 23.58695652173913])
('Mono-California', 'PM10', [17.795, 16.184952978056426, 14.195046439628483, 15.397196261682243, 20.490291262135923, 31.174242424242426, 16.04964539007092, 14.197452229299364, 15.162650602409638, 13.335195530726256, 12.695035460992909, 11.117647058823529, 48.96969696969697, 23.979296066252587, 42.857438016528924, 41.85575048732944, 31.129175946547885, 32.9492600422833, 37.13387423935091, 56.90196078431372, 33.32200886262925])
('Monterey-California', 'PM10', [21.278688524590162, 22.736842105263158, 22.844444444444445, 21.972727272727273, 18.814432989690722, 15.485849056603774, 15.352490421455938, 14.179372197309418, 15.229787234042552, 20.336244541484717, 17.400921658986174, 20.05857740585774, 18.079166666666666, 19.802325581395348, 18.131687242798353, 18.428, 16.745833333333334, 15.154150197628459, 14.045081967213115, 16.522088353413654, 17.99586776859504])
('Montgomery-Alabama', 'PM10', [20.983050847457626, 18.97142857142857, 22.79646017699115, 21.95575221238938, 20.026315789473685, 19.32456140350877, 23.54621848739496, 23.17391304347826, 20.309734513274336, 21.581196581196583, 25.135135135135137, 22.525252525252526, 23.438095238095237, 20.48695652173913, 19.630434782608695, 18.78181818181818, 19.53448275862069, 18.67241379310345, 22.616666666666667, 22.571428571428573, 23.779661016949152])
('Multnomah-Oregon', 'PM10', [28.809744779582367, 26.513513513513512, 23.574285714285715, 26.489304812834224, 22.626984126984127, 25.908136482939632, 22.757255936675463, 20.02917771883289, 19.73985680190931, 20.52127659574468, 17.832386363636363, 17.722972972972972, 16.60909090909091, 14.679012345679013, 14.48, 13.882352941176471, 17.406474820143885, 16.88095238095238, 15.643835616438356, 17.28368794326241, 13.892086330935252])
('New Haven-Connecticut', 'PM10', [31.659663865546218, 29.64, 29.587482219061165, 32.41699449252557, 25.264674493062966, 28.594731509625127, 24.848060344827587, 21.418960244648318, 21.9973474801061, 21.605858854860188, 22.363636363636363, 23.78561354019746, 24.982704402515722, 27.449612403100776, 25.196202531645568, 30.363951473136915, 28.403169014084508, 20.319502074688796, 20.01219512195122, 18.5, 17.776824034334766])
('Norfolk City-Virginia', 'PM10', [27.358490566037737, 26.8, 25.491803278688526, 25.616666666666667, 22.2, 21.16393442622951, 20.278688524590162, 20.491803278688526, 19.314285714285713, 25.53125, 21.866666666666667, 17.847457627118644, 19.864406779661017, 17.642857142857142, 15.351851851851851, 15.339622641509434, 17.0, 17.982456140350877, 18.798319327731093, 18.575, 19.77391304347826])
('Orange-Florida', 'PM10', [29.1875, 28.9672131147541, 25.694805194805195, 24.62621359223301, 20.72705882352941, 19.244655581947743, 18.368171021377673, 17.732227488151658, 18.837016574585636, 19.768976897689768, 22.33457249070632, 20.042194092827003, 19.99586776859504, 19.9125, 16.452282157676347, 17.25726141078838, 16.350574712643677, 15.384615384615385, 17.762162162162163, 16.900552486187845, 15.269767441860465])
('Penobscot-Maine', 'PM10', [16.689655172413794, 17.864553314121036, 14.822947576656775, 15.891737891737892, 15.760386473429952, 15.392061955469506, 16.87017543859649, 16.36643026004728, 15.172804532577903, 19.359375, 15.689655172413794, 15.524590163934427, 15.709090909090909, 15.634920634920634, 15.216666666666667, 19.410714285714285, 15.947368421052632, 18.017857142857142, 17.36, 18.0, 11.24])
('Peoria-Illinois', 'PM10', [21.71186440677966, 25.639344262295083, 24.52542372881356, 22.53448275862069, 23.1864406779661, 18.28813559322034, 19.22222222222222, 18.783333333333335, 19.116666666666667, 24.103448275862068, 23.433333333333334, 21.10909090909091, 22.571428571428573, 20.719298245614034, 19.70689655172414, 22.96551724137931, 20.53448275862069, 27.98181818181818, 22.033898305084747, 23.87037037037037, 14.461538461538462])
('Perry-Kentucky', 'PM10', [30.85, 37.28333333333333, 30.50877192982456, 32.45, 29.440677966101696, 25.74576271186441, 29.482142857142858, 26.4, 21.5, 21.639344262295083, 23.166666666666668, 23.948275862068964, 24.033898305084747, 20.29824561403509, 20.885245901639344, 21.47457627118644, 20.737704918032787, 22.806451612903224, 20.516129032258064, 27.473118279569892, 17.714285714285715])
('Philadelphia-Pennsylvania', 'PM10', [34.258823529411764, 37.079166666666666, 31.82300884955752, 34.67916666666667, 31.54032258064516, 39.86756756756757, 43.73871733966746, 36.213235294117645, 40.56, 35.681927710843375, 28.181347150259068, 26.05829596412556, 28.231884057971016, 23.37528604118993, 23.509505703422054, 23.590733590733592, 21.059288537549406, 24.818181818181817, 25.241573033707866, 22.253658536585366, 20.753488372093024])
('Pima-Arizona', 'PM10', [35.56719022687609, 35.36870897155361, 29.67305751765893, 24.712393566698204, 23.130805687203793, 21.73420260782347, 21.262962962962963, 24.832737030411447, 22.98639455782313, 22.87190812720848, 23.236867239732568, 31.38483412322275, 29.487562189054728, 24.318297872340427, 28.1592249368155, 26.91842105263158, 23.319432120674357, 26.159857904085257, 28.93661971830986, 27.128861429832302, 26.33892321270962])
('Pinellas-Florida', 'PM10', [27.5, 26.4, 24.721311475409838, 26.633333333333333, 21.0, 22.8646288209607, 21.324444444444445, 19.641921397379914, 21.115384615384617, 21.506437768240342, 22.666666666666668, 21.191111111111113, 21.45689655172414, 21.506437768240342, 18.105726872246695, 18.941176470588236, 19.620833333333334, 17.66949152542373, 19.308641975308642, 19.171003717472118, 17.82962962962963])
('Pitkin-Colorado', 'PM10', [28.67965367965368, 26.463815789473685, 29.07266435986159, 28.235915492957748, 26.125, 20.704805491990847, 20.041884816753928, 21.20059880239521, 17.930513595166165, 19.230538922155688, 19.477491961414792, 22.589569160997733, 19.283819628647215, 20.26126126126126, 19.26178010471204, 16.88888888888889, 16.404819277108434, 17.08983451536643, 16.37708830548926, 16.0472972972973, 15.661157024793388])
('Placer-California', 'PM10', [29.18032786885246, 26.25862068965517, 24.074074074074073, 22.23076923076923, 25.463414634146343, 21.905797101449274, 22.718309859154928, 23.14666666666667, 19.463333333333335, 18.925795053003533, 19.778688524590162, 23.066666666666666, 21.506849315068493, 20.80327868852459, 21.69158878504673, 19.40983606557377, 20.016393442622952, 17.80327868852459, 20.508196721311474, 16.017241379310345, 20.065573770491802])
('Ponce-Puerto Rico', 'PM10', [28.866666666666667, 40.2962962962963, 38.743589743589745, 28.692307692307693, 29.015873015873016, 27.951612903225808, 25.806451612903224, 22.089285714285715, 24.79245283018868, 31.296296296296298, 27.377777777777776, 35.482142857142854, 35.535714285714285, 35.76271186440678, 33.13559322033898, 35.527272727272724, 37.50877192982456, 43.05084745762712, 38.2, 34.53333333333333, 31.46551724137931])
('Porter-Indiana', 'PM10', [29.162921348314608, 23.2, 22.220338983050848, 22.1875, 21.342767295597483, 19.29694323144105, 19.95289079229122, 20.213075060532688, 16.789473684210527, 17.63276836158192, 20.343023255813954, 15.5359477124183, 16.560185185185187, 15.533333333333333, 14.663865546218487, 14.352941176470589, 13.083333333333334, 13.522522522522523, 14.474576271186441, 20.424778761061948, 16.333333333333332])
('Providence-Rhode Island', 'PM10', [29.82758620689655, 32.40983606557377, 30.669642857142858, 31.267241379310345, 25.80701754385965, 28.00854700854701, 25.8125, 20.497076023391813, 23.329479768786126, 23.88744588744589, 22.632911392405063, 23.564655172413794, 22.869415807560138, 21.433035714285715, 16.78115501519757, 20.05701754385965, 16.713754646840147, 18.949579831932773, 17.719298245614034, 14.799126637554584, 16.8])
('Prowers-Colorado', 'PM10', [23.702479338842974, 23.857142857142858, 18.49122807017544, 30.833333333333332, 24.411290322580644, 20.02037037037037, 20.96031746031746, 22.348927875243664, 20.472602739726028, 18.664596273291924, 21.97032640949555, 23.327536231884057, 23.112951807228917, 24.406299212598427, 25.881284916201118, 24.060650887573964, 20.818181818181817, 18.414244186046513, 19.817039106145252, 21.34958217270195, 23.59041095890411])
('Pueblo-Colorado', 'PM10', [21.403973509933774, 23.098765432098766, 24.22, 27.07017543859649, 24.19298245614035, 23.98148148148148, 27.14814814814815, 23.862745098039216, 23.942307692307693, 24.56140350877193, 22.107142857142858, 22.313725490196077, 22.405405405405407, 22.12, 22.778761061946902, 22.65546218487395, 21.24137931034483, 20.214953271028037, 21.45762711864407, 22.0, 25.666666666666668])
('Pulaski-Arkansas', 'PM10', [29.76271186440678, 27.26086956521739, 26.34468085106383, 23.23404255319149, 25.439834024896264, 24.854771784232366, 25.25311203319502, 26.97119341563786, 24.34453781512605, 22.491525423728813, 30.852459016393443, 27.318840579710145, 25.535353535353536, 24.548076923076923, 21.735632183908045, 22.63888888888889, 22.485981308411215, 22.47239263803681, 20.04022988505747, 21.686746987951807, 18.195402298850574])
('Ramsey-Minnesota', 'PM10', [33.48453608247423, 33.83855024711697, 34.60971223021583, 28.45439739413681, 26.21021897810219, 25.807069219440354, 28.746312684365783, 26.157712305025996, 24.42002989536622, 23.428, 22.198305084745762, 22.742165242165242, 25.649019607843137, 28.093478260869563, 27.222772277227723, 29.040955631399317, 25.75, 23.95, 23.96943231441048, 22.59825327510917, 22.377906976744185])
('Riverside-California', 'PM10', [47.88184438040346, 55.67897727272727, 48.043103448275865, 46.377833753148614, 37.81603773584906, 39.291358024691355, 40.55148741418764, 39.778869778869776, 39.63503649635037, 39.954819277108435, 35.51034482758621, 42.416666666666664, 40.16551724137931, 40.1113105924596, 40.17263157894737, 39.51157894736842, 36.54507337526206, 35.24576271186441, 41.96774193548387, 52.1563126252505, 35.18058252427184])
('Roanoke City-Virginia', 'PM10', [31.857142857142858, 31.03960396039604, 33.275862068965516, 29.873949579831933, 29.084033613445378, 30.263157894736842, 32.48739495798319, 31.110169491525422, 29.908256880733944, 26.925619834710744, 27.093023255813954, 31.436363636363637, 28.8, 24.616666666666667, 25.982142857142858, 27.57377049180328, 26.234375, 27.803030303030305, 25.442622950819672, 29.45, 23.63157894736842])
('Sacramento-California', 'PM10', [35.375, 35.983333333333334, 43.358695652173914, 40.0328947368421, 26.905940594059405, 26.83028720626632, 25.304780876494025, 24.523715415019762, 21.553719008264462, 20.540305010893245, 21.366890380313198, 24.36123348017621, 21.61111111111111, 21.365558912386707, 23.533169533169534, 20.772616136919314, 20.24343675417661, 20.56115107913669, 24.227383863080686, 20.26328502415459, 23.37121212121212])
('Saint Louis-Minnesota', 'PM10', [23.878600823045268, 21.03587443946188, 20.079812206572768, 20.971563981042653, 19.0, 17.435406698564595, 17.466367713004484, 17.381165919282513, 17.651162790697676, 16.63203463203463, 16.392857142857142, 18.35251798561151, 21.093406593406595, 17.985576923076923, 19.032967032967033, 21.04626334519573, 20.75141242937853, 20.274285714285714, 19.198830409356724, 19.176470588235293, 16.75862068965517])
('Saint Louis-Missouri', 'PM10', [25.088, 25.424050632911392, 20.92814371257485, 18.477707006369428, 19.281767955801104, 21.068181818181817, 24.3, 24.559322033898304, 21.80225988700565, 20.82882882882883, 22.873873873873872, 16.689655172413794, 17.948275862068964, 17.594594594594593, 14.96694214876033, 16.540983606557376, 18.475409836065573, 25.785714285714285, 13.618181818181819, 15.931034482758621, 13.209302325581396])
('Salt Lake-Utah', 'PM10', [39.35045662100457, 38.50252951096122, 31.54715378079864, 37.226384364820845, 34.074725274725274, 34.440148698884755, 31.613896848137536, 27.939073923639317, 30.978021978021978, 26.5685210312076, 27.377235772357725, 30.94842406876791, 30.80315789473684, 31.301518438177876, 30.13641245972073, 29.547356828193834, 30.07928118393235, 26.291532690246516, 26.720384204909283, 29.91932059447983, 28.873366834170856])
('San Benito-California', 'PM10', [22.547169811320753, 22.55, 19.745454545454546, 20.654545454545456, 13.5, 17.310344827586206, 15.719298245614034, 16.016393442622952, 15.573770491803279, 16.62295081967213, 14.440677966101696, 20.224137931034484, 14.6, 16.295081967213115, 16.45762711864407, 15.101694915254237, 13.948275862068966, 14.295081967213115, 14.435483870967742, 15.516666666666667, 17.540983606557376])
('San Bernardino-California', 'PM10', [48.924698795180724, 47.47939262472885, 44.39191919191919, 40.943548387096776, 36.15397631133672, 32.854838709677416, 33.033587786259545, 32.82272727272727, 30.399721448467968, 28.588983050847457, 27.319826338639654, 32.74933333333333, 30.7172859450727, 30.626644736842106, 32.16612377850163, 28.828703703703702, 27.681887366818874, 28.04739336492891, 30.03885135135135, 34.95387149917628, 27.278947368421054])
('San Diego-California', 'PM10', [32.57386363636363, 36.2, 31.114754098360656, 33.77472527472528, 28.983050847457626, 30.06378132118451, 31.10828025477707, 30.52801724137931, 26.123404255319148, 27.2, 23.77027027027027, 31.466666666666665, 29.857506361323153, 30.273972602739725, 29.937158469945356, 31.615384615384617, 29.280748663101605, 27.881696428571427, 28.0, 30.152654867256636, 25.78502879078695])
('San Francisco-California', 'PM10', [26.135593220338983, 32.40983606557377, 29.80327868852459, 31.016666666666666, 28.65573770491803, 26.475409836065573, 25.21311475409836, 22.557377049180328, 22.0, 22.459016393442624, 20.131147540983605, 23.633333333333333, 21.75409836065574, 23.704918032786885, 22.081967213114755, 19.737704918032787, 18.76923076923077, 16.977272727272727, 20.0, 18.661016949152543, 19.065573770491802])
('San Joaquin-California', 'PM10', [43.018181818181816, 38.87155963302752, 38.928, 40.53703703703704, 34.9468085106383, 31.39830508474576, 31.168067226890756, 24.917525773195877, 23.71641791044776, 25.180790960451976, 24.405714285714286, 29.169811320754718, 27.868852459016395, 29.425, 29.620967741935484, 22.975, 23.295081967213115, 23.578512396694215, 26.577235772357724, 23.241666666666667, 26.375])
('San Juan-Puerto Rico', 'PM10', [33.43790849673203, 31.11046511627907, 32.574074074074076, 30.978947368421053, 28.806306306306308, 35.36820083682009, 31.129310344827587, 28.3399209486166, 29.616197183098592, 35.705673758865245, 36.39464882943144, 36.271954674220964, 30.394520547945206, 33.5729537366548, 33.48314606741573, 34.739776951672866, 31.359683794466402, 30.930232558139537, 32.43579766536965, 30.692579505300355, 29.46212121212121])
('San Luis Obispo-California', 'PM10', [22.41176470588235, 27.038216560509554, 23.641025641025642, 23.032921810699587, 20.72473867595819, 20.96456692913386, 19.655555555555555, 21.504451038575667, 20.811004784688997, 21.08051948051948, 18.0, 18.486547085201792, 21.73766816143498, 20.482142857142858, 22.190821256038646, 19.387409200968523, 20.342168674698794, 16.16320474777448, 17.59538784067086, 20.095948827292112, 20.453159041394336])
('San Mateo-California', 'PM10', [25.859649122807017, 30.25, 24.934426229508198, 28.616666666666667, 25.852459016393443, 24.081967213114755, 22.21311475409836, 18.983606557377048, 18.983606557377048, 21.60655737704918, 20.475409836065573, 22.433333333333334, 19.19672131147541, 20.37704918032787, 19.9672131147541, 17.360655737704917, 17.650793650793652, 18.285714285714285, 17.476190476190474, 17.065573770491802, 19.096774193548388])
('San Miguel-Colorado', 'PM10', [31.097560975609756, 31.374531835205993, 31.72791519434629, 32.13840830449827, 34.50974025974026, 34.60606060606061, 29.409252669039144, 28.4, 23.39563862928349, 22.74074074074074, 21.9873417721519, 20.505415162454874, 19.455696202531644, 16.435897435897434, 16.52991452991453, 17.916666666666668, 16.139130434782608, 18.53061224489796, 17.376068376068375, 17.68421052631579, 16.607142857142858])
('Sanders-Montana', 'PM10', [32.94736842105263, 31.647058823529413, 33.04545454545455, 29.454545454545453, 30.058035714285715, 33.0, 29.616071428571427, 24.680722891566266, 24.236363636363638, 20.75221238938053, 19.913793103448278, 15.065217391304348, 13.164835164835164, 12.480519480519481, 15.617977528089888, 12.695121951219512, 12.081395348837209, 11.233502538071066, 11.41578947368421, 13.06578947368421, 11.546583850931677])
('Sandoval-New Mexico', 'PM10', [40.41095890410959, 32.909677419354836, 22.60958904109589, 22.32934131736527, 20.692307692307693, 25.264150943396228, 23.423728813559322, 21.566666666666666, 20.06896551724138, 19.735849056603772, 18.06896551724138, 17.11864406779661, 15.907692307692308, 17.61061946902655, 15.133333333333333, 26.100591715976332, 18.32, 22.153846153846153, 21.792134831460675, 19.52, 11.0])
('Santa Clara-California', 'PM10', [34.717948717948715, 34.87732342007435, 30.079518072289158, 29.975490196078432, 26.937313432835822, 23.983050847457626, 23.608695652173914, 19.623616236162363, 19.033557046979865, 20.093333333333334, 19.203389830508474, 23.542857142857144, 21.251908396946565, 23.131147540983605, 23.541666666666668, 21.355371900826448, 21.5, 20.442622950819672, 24.139344262295083, 20.541666666666668, 20.508196721311474])
('Santa Cruz-Arizona', 'PM10', [53.62222222222222, 50.404761904761905, 43.5, 42.172413793103445, 46.0377358490566, 36.71111111111111, 25.66857142857143, 27.39252336448598, 35.666666666666664, 34.11764705882353, 38.44, 47.56, 40.06896551724138, 39.473684210526315, 42.94736842105263, 38.36065573770492, 36.75, 45.45762711864407, 49.333333333333336, 44.271186440677965, 45.220338983050844])
('Scioto-Ohio', 'PM10', [30.408839779005525, 31.093693693693695, 28.85641891891892, 29.657439446366784, 26.727891156462587, 27.493333333333332, 27.806896551724137, 24.170974155069583, 22.276008492569, 21.61853448275862, 21.78053830227743, 22.78980891719745, 20.645922746781117, 21.444723618090453, 18.983193277310924, 18.4, 17.088983050847457, 20.308333333333334, 17.75409836065574, 18.73949579831933, 15.275])
('Scott-Iowa', 'PM10', [30.54237288135593, 25.1864406779661, 29.698924731182796, 30.036036036036037, 33.68702290076336, 32.01169590643275, 43.21212121212121, 48.333333333333336, 40.05591397849462, 39.27642276422764, 30.724503311258278, 28.82588878760255, 21.879310344827587, 19.79032258064516, 19.098360655737704, 18.4, 17.436363636363637, 31.254752851711025, 28.85635964912281, 30.93232044198895, 27.246217331499313])
('Shasta-California', 'PM10', [24.62295081967213, 27.171717171717173, 26.299065420560748, 28.04424778761062, 26.78, 24.15625, 25.55045871559633, 20.796610169491526, 20.49056603773585, 18.219298245614034, 19.162393162393162, 25.361702127659573, 19.614754098360656, 19.96694214876033, 22.181818181818183, 17.231404958677686, 18.511764705882353, 17.25, 18.810526315789474, 15.741379310344827, 20.0561797752809])
('Shawnee-Kansas', 'PM10', [19.0, 36.08695652173913, 30.02, 23.324324324324323, 26.41509433962264, 24.52, 24.84375, 27.795454545454547, 21.44, 23.91891891891892, 25.224489795918366, 24.63157894736842, 18.11764705882353, 17.25925925925926, 19.8135593220339, 20.372881355932204, 19.229508196721312, 20.428571428571427, 21.589285714285715, 22.12727272727273, 27.0])
('Sherman-Kansas', 'PM10', [27.31111111111111, 25.75, 23.672727272727272, 27.314814814814813, 30.96551724137931, 26.610169491525422, 25.74137931034483, 22.0327868852459, 22.966101694915253, 22.4, 22.96551724137931, 26.842105263157894, 22.517241379310345, 21.311475409836067, 24.181818181818183, 22.803571428571427, 18.8125, 21.0, 18.772727272727273, 20.943396226415093, 23.84313725490196])
('Siskiyou-California', 'PM10', [22.721311475409838, 23.098360655737704, 21.8135593220339, 22.86, 21.964912280701753, 20.75, 16.706766917293233, 12.929411764705883, 13.77124183006536, 10.841772151898734, 10.0, 14.088888888888889, 10.746666666666666, 10.430769230769231, 14.287958115183246, 9.573684210526316, 9.173684210526316, 9.572164948453608, 10.658163265306122, 10.901639344262295, 15.147058823529411])
('Solano-California', 'PM10', [31.2, 32.827586206896555, 23.878048780487806, 35.58139534883721, 22.482758620689655, 21.627906976744185, 20.074626865671643, 17.159663865546218, 15.685950413223141, 15.573770491803279, 15.641666666666667, 17.758333333333333, 15.139344262295081, 17.795081967213115, 18.516666666666666, 14.779661016949152, 16.875, 14.892561983471074, 16.80672268907563, 14.56441717791411, 14.948051948051948])
('Stanislaus-California', 'PM10', [40.348214285714285, 40.67381974248927, 36.82857142857143, 35.848101265822784, 34.82113821138211, 34.391666666666666, 34.17934782608695, 32.362637362637365, 26.8, 30.035714285714285, 26.925795053003533, 33.90877192982456, 29.5, 33.2093023255814, 32.540983606557376, 27.214876033057852, 27.165289256198346, 26.450819672131146, 29.4, 26.216666666666665, 29.920353982300885])
('Sutter-California', 'PM10', [33.18518518518518, 31.53061224489796, 35.80281690140845, 36.028985507246375, 32.32394366197183, 29.835616438356166, 31.983870967741936, 32.14705882352941, 27.615384615384617, 26.26984126984127, 22.59016393442623, 32.54385964912281, 25.49230769230769, 28.34426229508197, 28.557377049180328, 23.694915254237287, 24.0, 22.833333333333332, 24.122448979591837, 18.2, 22.125])
('Tehama-California', 'PM10', [37.689655172413794, 29.220338983050848, 27.35, 29.433333333333334, 26.934426229508198, 22.95, 27.589285714285715, 25.571428571428573, 23.791666666666668, 20.490909090909092, 24.333333333333332, 33.24, 22.25, 23.9811320754717, 27.93220338983051, 20.912280701754387, 22.728813559322035, 20.0, 23.7, 20.81967213114754, 22.266666666666666])
('Teton-Wyoming', 'PM10', [41.5679012345679, 28.28, 27.377777777777776, 31.839285714285715, 30.796610169491526, 26.956989247311828, 25.613445378151262, 24.581196581196583, 23.63478260869565, 21.849557522123895, 21.666666666666668, 16.576923076923077, 26.475, 19.482758620689655, 16.18, 20.27536231884058, 18.25862068965517, 17.383333333333333, 19.428571428571427, 15.53968253968254, 15.333333333333334])
('Trumbull-Ohio', 'PM10', [22.75, 28.733333333333334, 25.24375, 26.43525179856115, 22.281456953642383, 22.895973154362416, 23.06907894736842, 21.973597359735972, 20.747252747252748, 20.651685393258425, 22.466666666666665, 19.83050847457627, 21.560439560439562, 18.459016393442624, 17.52777777777778, 17.899441340782122, 16.14835164835165, 20.45810055865922, 16.486187845303867, 18.463687150837988, 16.29090909090909])
('Tulare-California', 'PM10', [50.02459016393443, 50.4251497005988, 52.96319018404908, 48.8955223880597, 43.299065420560744, 43.25925925925926, 39.15555555555556, 39.406976744186046, 36.625, 36.53846153846154, 34.16129032258065, 43.050561797752806, 43.4140625, 43.8728813559322, 44.554621848739494, 37.720338983050844, 36.925, 38.525, 40.5655737704918, 37.18055555555556, 40.86666666666667])
('Umatilla-Oregon', 'PM10', [36.824561403508774, 33.37931034482759, 31.01818181818182, 36.29365079365079, 32.05058365758755, 36.28333333333333, 27.170542635658915, 23.260700389105057, 23.27659574468085, 22.29875518672199, 20.34051724137931, 20.536458333333332, 16.330882352941178, 15.972222222222221, 17.883495145631066, 17.636363636363637, 18.12962962962963, 16.716666666666665, 20.936507936507937, 20.186046511627907, 14.830508474576272])
('Union-Tennessee', 'PM10', [21.768115942028984, 25.412790697674417, 26.676136363636363, 26.730994152046783, 24.132867132867133, 22.72077922077922, 28.0, 28.664804469273744, 27.2311320754717, 32.59751037344398, 24.422018348623855, 21.68639053254438, 22.367875647668395, 20.03012048192771, 19.782122905027933, 19.930635838150287, 19.761363636363637, 18.85, 18.623595505617978, 19.253012048192772, 15.452380952380953])
('Utah-Utah', 'PM10', [43.40717299578059, 40.49618320610687, 29.004115226337447, 34.06379155435759, 30.491063829787233, 32.82670454545455, 29.83851554663992, 26.225806451612904, 30.050830889540567, 27.405349794238685, 24.70044052863436, 28.13304721030043, 27.772916666666667, 29.34334763948498, 28.59282700421941, 22.961945031712474, 25.29192546583851, 22.340425531914892, 22.205882352941178, 24.711111111111112, 25.36399217221135])
('Vanderburgh-Indiana', 'PM10', [33.96341463414634, 33.532786885245905, 28.932038834951456, 32.8411214953271, 28.81512605042017, 28.40983606557377, 29.76271186440678, 29.17094017094017, 23.232142857142858, 24.367521367521366, 25.876033057851238, 23.720338983050848, 25.128205128205128, 25.373563218390803, 24.359550561797754, 24.379888268156424, 20.96045197740113, 25.482758620689655, 21.47457627118644, 23.44508670520231, 18.08235294117647])
('Ventura-California', 'PM10', [34.226537216828476, 34.742382271468145, 30.975, 32.21022727272727, 27.23316062176166, 25.77136258660508, 26.728337236533957, 24.82366589327146, 23.95981087470449, 26.320652173913043, 20.928571428571427, 26.611898016997166, 25.15126050420168, 24.743093922651934, 24.8475935828877, 26.091152815013405, 23.733766233766232, 21.753086419753085, 20.822134387351777, 25.819277108433734, 22.551440329218106])
('Warren-Virginia', 'PM10', [25.4, 27.155172413793103, 23.0, 23.896551724137932, 19.9672131147541, 22.083333333333332, 19.36842105263158, 21.233333333333334, 19.220338983050848, 19.524590163934427, 19.216666666666665, 18.7, 17.896551724137932, 16.661016949152543, 16.083333333333332, 15.683333333333334, 15.616666666666667, 17.25423728813559, 16.086206896551722, 17.56896551724138, 16.45762711864407])
('Washoe-Nevada', 'PM10', [37.3671875, 34.93333333333333, 41.0218487394958, 35.55777777777778, 33.92011019283746, 35.26315789473684, 32.21282798833819, 28.666666666666668, 26.492917847025495, 28.71794871794872, 27.756373937677054, 29.862745098039216, 25.160287081339714, 27.842723004694836, 26.87142857142857, 23.051597051597053, 26.368932038834952, 32.6640625, 26.12142857142857, 26.21760391198044, 25.865882352941178])
('Waukesha-Wisconsin', 'PM10', [30.54491017964072, 33.74311926605505, 30.632653061224488, 26.386363636363637, 25.028089887640448, 25.69060773480663, 28.186813186813186, 25.434065934065934, 23.737704918032787, 23.46448087431694, 26.327868852459016, 21.440366972477065, 19.64406779661017, 20.59016393442623, 21.081967213114755, 24.704918032786885, 23.483333333333334, 27.087719298245613, 23.033898305084747, 23.88135593220339, 18.366666666666667])
('Wayne-Michigan', 'PM10', [34.90021929824562, 37.81134564643799, 34.509375, 32.374821173104436, 28.061870503597124, 32.86071987480438, 37.86571879936809, 33.66459627329193, 31.479876160990713, 29.83676703645008, 31.11308562197092, 29.718503937007874, 30.83409090909091, 30.50974025974026, 27.423529411764704, 32.10650887573964, 25.105882352941176, 28.572254335260116, 24.22608695652174, 25.091743119266056, 21.03765690376569])
('Webb-Texas', 'PM10', [21.153846153846153, 31.09090909090909, 30.78787878787879, 32.35294117647059, 29.291666666666668, 27.50877192982456, 30.638297872340427, 26.88888888888889, 36.46938775510204, 30.803571428571427, 35.206896551724135, 29.85135135135135, 27.183333333333334, 22.85, 22.475, 21.90082644628099, 18.73949579831933, 21.15573770491803, 25.756302521008404, 21.733333333333334, 20.563106796116504])
('Weber-Utah', 'PM10', [31.98918918918919, 32.05882352941177, 24.95, 30.81230769230769, 28.3325, 28.5, 25.077981651376145, 23.193954659949622, 26.08235294117647, 21.314553990610328, 21.382089552238806, 26.178674351585013, 25.704545454545453, 29.204678362573098, 31.22608695652174, 27.152112676056337, 25.71142857142857, 21.379888268156424, 23.281437125748504, 25.410919540229884, 23.363636363636363])
('Weld-Colorado', 'PM10', [30.105263157894736, 26.23076923076923, 22.575, 23.535947712418302, 24.614285714285714, 21.84, 22.201005025125628, 18.258064516129032, 16.251572327044027, 16.035087719298247, 15.30841121495327, 16.30701754385965, 18.64814814814815, 19.21551724137931, 19.46551724137931, 18.921739130434784, 21.583333333333332, 20.10924369747899, 20.68103448275862, 20.627118644067796, 19.423728813559322])
('Woodbury-Iowa', 'PM10', [27.551724137931036, 25.049180327868854, 24.913793103448278, 25.32758620689655, 23.30952380952381, 20.610169491525422, 21.05, 24.10909090909091, 29.192307692307693, 25.77358490566038, 25.428571428571427, 24.949152542372882, 22.559322033898304, 25.801652892561982, 24.445378151260503, 23.07017543859649, 22.11764705882353, 21.42622950819672, 24.34426229508197, 21.760330578512395, 20.305785123966942])
('Worcester-Massachusetts', 'PM10', [27.055555555555557, 24.114035087719298, 21.427350427350426, 18.613333333333333, 19.158730158730158, 18.03448275862069, 18.358974358974358, 17.940594059405942, 18.699029126213592, 18.181818181818183, 17.923809523809524, 19.18867924528302, 17.403508771929825, 16.416666666666668, 14.814814814814815, 17.057142857142857, 20.27777777777778, 22.64406779661017, 17.982758620689655, 18.82456140350877, 18.033898305084747])
('Wyandotte-Kansas', 'PM10', [37.57847533632287, 36.620087336244545, 33.59911894273128, 39.38135593220339, 36.47863247863248, 37.08108108108108, 33.283720930232555, 32.841409691629956, 35.346666666666664, 30.261061946902654, 30.42982456140351, 33.69827586206897, 29.756302521008404, 28.866666666666667, 26.869158878504674, 27.987730061349694, 24.4010989010989, 28.056497175141242, 29.797752808988765, 27.977011494252874, 31.044198895027623])
('Yakima-Washington', 'PM10', [32.97222222222222, 32.91139240506329, 30.75968992248062, 32.75918367346939, 29.67058823529412, 29.894545454545455, 25.37458193979933, 21.655172413793103, 28.411538461538463, 27.65986394557823, 23.22222222222222, 21.344444444444445, 22.545454545454547, 23.75109170305677, 24.511111111111113, 21.65909090909091, 24.30718954248366, 22.0, 21.945945945945947, 19.266666666666666, 18.683333333333334])
