('Adams-Colorado', 'OZONE', [0.0, 1.0, 0.0, 0.0, 0.0, 2.0, 0.0, 0.0, 0.0, 0.0, 0.0, 0.0, 0.0, 0.0, 0.0, 0.0, 0.0, 0.0, 1.0, 1.0, 2.0])
('Adams-Illinois', 'OZONE', [2.0, 2.0, 4.0, 3.0, 2.0, 5.0, 2.0, 2.0, 3.0, 3.0, 2.0, 3.0, 4.0, 3.0, 3.0, 4.0, 5.0, 3.0, 7.0, 8.0, 9.0])
('Adams-Mississippi', 'OZONE', [9.0, 5.0, 7.0, 9.0, 7.0, 5.0, 8.0, 7.0, 9.0, 13.0, 12.0, 12.0, 18.0, 7.0, 11.0, 3.0, 12.0, 16.0, 19.0, 10.0, 13.0])
('Aiken-South Carolina', 'OZONE', [6.0, 0.0, 1.0, 3.0, 0.0, 0.0, 1.0, 6.0, 9.0, 7.0, 11.0, 12.0, 0.0, 8.0, 3.0, 7.0, 13.0, 7.0, 6.0, 12.0, 8.0])
('Alameda-California', 'OZONE', [0.0, 2.0, 0.0, 0.0, 0.0, 0.0, 0.0, 2.0, 2.0, 1.0, 1.0, 0.0, 2.0, 0.0, 0.0, 0.0, 0.0, 0.0, 2.0, 3.0, 1.0])
('Allen-Indiana', 'OZONE', [5.0, 7.0, 3.0, 9.0, 6.0, 9.0, 4.0, 5.0, 8.0, 11.0, 20.0, 20.0, 3.0, 10.0, 19.0, 14.0, 8.0, 3.0, 10.0, 9.0, 8.0])
('Allen-Ohio', 'OZONE', [10.0, 9.0, 0.0, 9.0, 10.0, 9.0, 13.0, 4.0, 7.0, 4.0, 6.0, 8.0, 10.0, 11.0, 3.0, 10.0, 2.0, 5.0, 9.0, 11.0, 15.0])
('Anoka-Minnesota', 'OZONE', [6.0, 6.0, 1.0, 3.0, 1.0, 4.0, 4.0, 3.0, 1.0, 3.0, 3.0, 3.0, 9.0, 10.0, 8.0, 3.0, 3.0, 2.0, 3.0, 1.0, 3.0])
('Arlington-Virginia', 'OZONE', [1.0, 0.0, 2.0, 4.0, 0.0, 2.0, 7.0, 2.0, 2.0, 11.0, 1.0, 1.0, 0.0, 10.0, 4.0, 1.0, 1.0, 0.0, 9.0, 10.0, 5.0])
('Ashtabula-Ohio', 'OZONE', [12.0, 10.0, 5.0, 19.0, 14.0, 7.0, 8.0, 4.0, 9.0, 7.0, 11.0, 19.0, 11.0, 14.0, 8.0, 13.0, 1.0, 6.0, 19.0, 14.0, 19.0])
('Atlantic-New Jersey', 'OZONE', [5.0, 6.0, 3.0, 2.0, 1.0, 3.0, 3.0, 3.0, 5.0, 4.0, 3.0, 7.0, 3.0, 7.0, 6.0, 2.0, 1.0, 4.0, 6.0, 6.0, 10.0])
('Beaver-Pennsylvania', 'OZONE', [2.0, 2.0, 2.0, 2.0, 0.0, 1.0, 0.0, 0.0, 3.0, 5.0, 3.0, 0.0, 0.0, 2.0, 3.0, 4.0, 2.0, 5.0, 6.0, 0.0, 3.0])
('Bennington-Vermont', 'OZONE', [14.0, 11.0, 12.0, 16.0, 13.0, 14.0, 16.0, 17.0, 18.0, 12.0, 13.0, 12.0, 9.0, 13.0, 10.0, 5.0, 8.0, 5.0, 8.0, 5.0, 3.0])
('Berks-Pennsylvania', 'OZONE', [2.0, 2.0, 2.0, 1.0, 0.0, 2.0, 3.0, 5.0, 4.0, 9.0, 2.0, 3.0, 1.0, 3.0, 3.0, 4.0, 2.0, 3.0, 8.0, 8.0, 14.0])
('Bernalillo-New Mexico', 'OZONE', [3.0, 1.0, 5.0, 0.0, 3.0, 2.0, 1.0, 2.0, 7.0, 4.0, 4.0, 2.0, 0.0, 3.0, 1.0, 0.0, 7.0, 0.0, 1.0, 0.0, 0.0])
('Bexar-Texas', 'OZONE', [0.0, 0.0, 0.0, 0.0, 2.0, 2.0, 2.0, 0.0, 2.0, 1.0, 3.0, 0.0, 4.0, 1.0, 5.0, 3.0, 7.0, 8.0, 2.0, 1.0, 0.0])
('Blair-Pennsylvania', 'OZONE', [7.0, 2.0, 3.0, 2.0, 1.0, 1.0, 4.0, 9.0, 2.0, 9.0, 6.0, 1.0, 0.0, 7.0, 6.0, 6.0, 3.0, 8.0, 14.0, 8.0, 11.0])
('Blount-Tennessee', 'OZONE', [17.0, 1.0, 12.0, 6.0, 13.0, 5.0, 6.0, 1.0, 11.0, 8.0, 7.0, 4.0, 11.0, 7.0, 11.0, 2.0, 13.0, 3.0, 11.0, 16.0, 15.0])
('Boone-Kentucky', 'OZONE', [0.0, 3.0, 3.0, 4.0, 7.0, 9.0, 11.0, 11.0, 10.0, 11.0, 4.0, 3.0, 4.0, 10.0, 7.0, 0.0, 0.0, 4.0, 3.0, 14.0, 1.0])
('Bossier-Louisiana', 'OZONE', [5.0, 6.0, 9.0, 2.0, 3.0, 3.0, 4.0, 8.0, 8.0, 4.0, 5.0, 8.0, 8.0, 5.0, 7.0, 3.0, 5.0, 7.0, 5.0, 0.0, 3.0])
('Boulder-Colorado', 'OZONE', [1.0, 0.0, 4.0, 0.0, 3.0, 6.0, 1.0, 4.0, 0.0, 3.0, 0.0, 1.0, 5.0, 3.0, 1.0, 2.0, 5.0, 0.0, 14.0, 0.0, 6.0])
('Boyd-Kentucky', 'OZONE', [6.0, 2.0, 2.0, 2.0, 2.0, 1.0, 3.0, 8.0, 3.0, 3.0, 4.0, 11.0, 3.0, 4.0, 4.0, 6.0, 7.0, 8.0, 8.0, 13.0, 20.0])
('Bristol-Massachusetts', 'OZONE', [2.0, 0.0, 5.0, 3.0, 7.0, 5.0, 10.0, 4.0, 5.0, 3.0, 3.0, 6.0, 8.0, 6.0, 17.0, 14.0, 18.0, 14.0, 11.0, 17.0, 16.0])
('Broward-Florida', 'OZONE', [9.0, 9.0, 9.0, 8.0, 8.0, 1.0, 8.0, 1.0, 2.0, 7.0, 8.0, 8.0, 5.0, 2.0, 4.0, 1.0, 1.0, 2.0, 3.0, 5.0, 5.0])
('Brown-Wisconsin', 'OZONE', [6.0, 14.0, 14.0, 8.0, 12.0, 14.0, 10.0, 14.0, 11.0, 14.0, 19.0, 15.0, 15.0, 14.0, 11.0, 12.0, 14.0, 9.0, 16.0, 5.0, 13.0])
('Bucks-Pennsylvania', 'OZONE', [3.0, 0.0, 2.0, 3.0, 0.0, 2.0, 4.0, 2.0, 7.0, 8.0, 4.0, 1.0, 0.0, 1.0, 8.0, 3.0, 2.0, 1.0, 1.0, 17.0, 14.0])
('Bullitt-Kentucky', 'OZONE', [0.0, 2.0, 4.0, 4.0, 1.0, 4.0, 0.0, 2.0, 10.0, 8.0, 5.0, 5.0, 0.0, 4.0, 3.0, 3.0, 3.0, 3.0, 6.0, 10.0, 9.0])
('Buncombe-North Carolina', 'OZONE', [30.0, 3.0, 3.0, 4.0, 7.0, 4.0, 8.0, 5.0, 8.0, 5.0, 15.0, 14.0, 8.0, 11.0, 6.0, 3.0, 7.0, 2.0, 12.0, 12.0, 14.0])
('Butte-California', 'OZONE', [11.0, 6.0, 2.0, 0.0, 3.0, 3.0, 0.0, 2.0, 0.0, 3.0, 1.0, 1.0, 1.0, 4.0, 4.0, 4.0, 3.0, 3.0, 3.0, 10.0, 6.0])
('Cabell-West Virginia', 'OZONE', [2.0, 1.0, 2.0, 3.0, 4.0, 5.0, 5.0, 13.0, 4.0, 4.0, 5.0, 6.0, 3.0, 3.0, 6.0, 14.0, 3.0, 4.0, 8.0, 13.0, 14.0])
('Caddo-Louisiana', 'OZONE', [3.0, 6.0, 8.0, 3.0, 8.0, 4.0, 2.0, 10.0, 10.0, 5.0, 5.0, 13.0, 10.0, 9.0, 10.0, 4.0, 8.0, 11.0, 5.0, 8.0, 3.0])
('Calcasieu-Louisiana', 'OZONE', [2.0, 6.0, 3.0, 0.0, 0.0, 0.0, 2.0, 2.0, 4.0, 4.0, 6.0, 3.0, 8.0, 2.0, 6.0, 5.0, 4.0, 0.0, 8.0, 0.0, 1.0])
('Cambria-Pennsylvania', 'OZONE', [1.0, 2.0, 1.0, 1.0, 2.0, 1.0, 2.0, 0.0, 2.0, 11.0, 8.0, 3.0, 1.0, 0.0, 3.0, 0.0, 1.0, 3.0, 7.0, 7.0, 0.0])
('Camden-New Jersey', 'OZONE', [1.0, 1.0, 2.0, 2.0, 1.0, 1.0, 1.0, 2.0, 1.0, 1.0, 1.0, 1.0, 2.0, 1.0, 1.0, 3.0, 2.0, 2.0, 2.0, 0.0, 3.0])
('Carroll-Maryland', 'OZONE', [6.0, 2.0, 8.0, 2.0, 5.0, 0.0, 0.0, 11.0, 8.0, 11.0, 13.0, 10.0, 9.0, 3.0, 10.0, 12.0, 5.0, 3.0, 16.0, 15.0, 16.0])
('Champaign-Illinois', 'OZONE', [4.0, 1.0, 4.0, 3.0, 3.0, 3.0, 2.0, 2.0, 2.0, 3.0, 1.0, 5.0, 4.0, 1.0, 2.0, 1.0, 3.0, 5.0, 3.0, 6.0, 7.0])
('Charles-Maryland', 'OZONE', [11.0, 0.0, 3.0, 8.0, 3.0, 2.0, 5.0, 8.0, 13.0, 6.0, 0.0, 1.0, 5.0, 4.0, 7.0, 12.0, 3.0, 3.0, 14.0, 16.0, 16.0])
('Charles-Virginia', 'OZONE', [13.0, 4.0, 3.0, 15.0, 10.0, 3.0, 10.0, 13.0, 14.0, 5.0, 3.0, 12.0, 11.0, 14.0, 12.0, 13.0, 14.0, 3.0, 14.0, 17.0, 17.0])
('Charleston-South Carolina', 'OZONE', [9.0, 3.0, 2.0, 5.0, 5.0, 8.0, 2.0, 6.0, 8.0, 5.0, 8.0, 9.0, 3.0, 3.0, 9.0, 3.0, 8.0, 7.0, 15.0, 6.0, 12.0])
('Chemung-New York', 'OZONE', [6.0, 6.0, 3.0, 3.0, 1.0, 3.0, 3.0, 3.0, 1.0, 2.0, 2.0, 4.0, 3.0, 3.0, 1.0, 2.0, 1.0, 2.0, 2.0, 0.0, 8.0])
('Cherokee-South Carolina', 'OZONE', [0.0, 0.0, 0.0, 0.0, 0.0, 0.0, 5.0, 0.0, 9.0, 10.0, 5.0, 5.0, 0.0, 0.0, 3.0, 6.0, 5.0, 5.0, 2.0, 8.0, 7.0])
('Chittenden-Vermont', 'OZONE', [5.0, 16.0, 8.0, 17.0, 14.0, 19.0, 14.0, 16.0, 14.0, 14.0, 12.0, 14.0, 7.0, 3.0, 14.0, 13.0, 15.0, 8.0, 10.0, 4.0, 8.0])
('Clackamas-Oregon', 'OZONE', [1.0, 1.0, 2.0, 1.0, 1.0, 1.0, 6.0, 2.0, 8.0, 3.0, 6.0, 1.0, 5.0, 1.0, 11.0, 2.0, 3.0, 3.0, 9.0, 8.0, 12.0])
('Clallam-Washington', 'OZONE', [1.0, 1.0, 3.0, 2.0, 1.0, 2.0, 3.0, 3.0, 2.0, 2.0, 3.0, 2.0, 3.0, 3.0, 0.0, 0.0, 2.0, 12.0, 14.0, 14.0, 12.0])
('Clark-Indiana', 'OZONE', [6.0, 10.0, 6.0, 14.0, 14.0, 13.0, 4.0, 5.0, 10.0, 7.0, 8.0, 3.0, 3.0, 13.0, 3.0, 7.0, 3.0, 7.0, 3.0, 16.0, 10.0])
('Clark-Nevada', 'OZONE', [5.0, 5.0, 5.0, 0.0, 0.0, 0.0, 2.0, 0.0, 0.0, 0.0, 0.0, 0.0, 0.0, 0.0, 0.0, 0.0, 0.0, 0.0, 0.0, 0.0, 2.0])
('Clark-Ohio', 'OZONE', [0.0, 0.0, 0.0, 7.0, 7.0, 5.0, 3.0, 9.0, 11.0, 5.0, 6.0, 9.0, 0.0, 5.0, 4.0, 8.0, 3.0, 5.0, 8.0, 9.0, 0.0])
('Clark-Washington', 'OZONE', [0.0, 7.0, 0.0, 7.0, 7.0, 3.0, 2.0, 5.0, 3.0, 3.0, 1.0, 8.0, 10.0, 10.0, 13.0, 1.0, 9.0, 11.0, 8.0, 11.0, 8.0])
('Clay-Missouri', 'OZONE', [1.0, 0.0, 2.0, 1.0, 2.0, 8.0, 5.0, 7.0, 9.0, 10.0, 0.0, 8.0, 10.0, 9.0, 6.0, 9.0, 7.0, 13.0, 8.0, 16.0, 14.0])
('Clermont-Ohio', 'OZONE', [9.0, 12.0, 3.0, 4.0, 6.0, 8.0, 0.0, 9.0, 5.0, 2.0, 10.0, 11.0, 1.0, 16.0, 4.0, 17.0, 4.0, 6.0, 8.0, 14.0, 15.0])
('Cleveland-Oklahoma', 'OZONE', [5.0, 4.0, 3.0, 4.0, 0.0, 0.0, 1.0, 4.0, 7.0, 7.0, 5.0, 9.0, 5.0, 3.0, 2.0, 11.0, 8.0, 1.0, 9.0, 10.0, 11.0])
('Clinton-Michigan', 'OZONE', [8.0, 16.0, 10.0, 10.0, 18.0, 14.0, 14.0, 15.0, 11.0, 11.0, 14.0, 16.0, 5.0, 16.0, 17.0, 14.0, 12.0, 17.0, 13.0, 15.0, 17.0])
('Clinton-Ohio', 'OZONE', [4.0, 8.0, 2.0, 8.0, 7.0, 3.0, 14.0, 10.0, 10.0, 10.0, 9.0, 14.0, 8.0, 16.0, 5.0, 14.0, 2.0, 6.0, 8.0, 11.0, 18.0])
('Columbia-Oregon', 'OZONE', [1.0, 9.0, 4.0, 8.0, 6.0, 7.0, 2.0, 3.0, 12.0, 2.0, 8.0, 5.0, 9.0, 8.0, 8.0, 6.0, 12.0, 8.0, 10.0, 10.0, 8.0])
('Columbia-Wisconsin', 'OZONE', [2.0, 11.0, 5.0, 9.0, 14.0, 8.0, 10.0, 16.0, 18.0, 14.0, 17.0, 8.0, 17.0, 13.0, 17.0, 17.0, 8.0, 9.0, 14.0, 10.0, 14.0])
('Contra Costa-California', 'OZONE', [0.0, 0.0, 0.0, 0.0, 2.0, 1.0, 1.0, 1.0, 1.0, 3.0, 2.0, 1.0, 2.0, 1.0, 1.0, 0.0, 1.0, 1.0, 3.0, 5.0, 3.0])
('Cook-Illinois', 'OZONE', [0.0, 0.0, 0.0, 0.0, 0.0, 0.0, 0.0, 0.0, 0.0, 0.0, 0.0, 0.0, 0.0, 0.0, 0.0, 2.0, 1.0, 0.0, 0.0, 0.0, 1.0])
('Cumberland-New Jersey', 'OZONE', [2.0, 3.0, 1.0, 3.0, 3.0, 3.0, 3.0, 3.0, 6.0, 3.0, 2.0, 5.0, 3.0, 2.0, 5.0, 5.0, 5.0, 4.0, 7.0, 1.0, 4.0])
('Cumberland-North Carolina', 'OZONE', [4.0, 13.0, 3.0, 3.0, 2.0, 4.0, 4.0, 4.0, 12.0, 7.0, 0.0, 5.0, 9.0, 10.0, 0.0, 1.0, 8.0, 2.0, 5.0, 5.0, 3.0])
('Cuyahoga-Ohio', 'OZONE', [1.0, 6.0, 0.0, 6.0, 4.0, 4.0, 0.0, 0.0, 0.0, 1.0, 6.0, 1.0, 1.0, 3.0, 3.0, 0.0, 3.0, 0.0, 7.0, 8.0, 11.0])
('Dane-Wisconsin', 'OZONE', [11.0, 6.0, 5.0, 2.0, 14.0, 8.0, 8.0, 9.0, 8.0, 9.0, 3.0, 7.0, 7.0, 14.0, 10.0, 16.0, 2.0, 5.0, 3.0, 3.0, 8.0])
('Davidson-Tennessee', 'OZONE', [2.0, 0.0, 2.0, 2.0, 2.0, 2.0, 2.0, 2.0, 3.0, 3.0, 1.0, 2.0, 2.0, 1.0, 3.0, 2.0, 6.0, 6.0, 1.0, 6.0, 7.0])
('Davis-Utah', 'OZONE', [7.0, 5.0, 3.0, 3.0, 4.0, 19.0, 15.0, 25.0, 22.0, 19.0, 19.0, 28.0, 19.0, 22.0, 23.0, 21.0, 20.0, 21.0, 24.0, 15.0, 15.0])
('Dawson-Georgia', 'OZONE', [21.0, 5.0, 16.0, 15.0, 7.0, 15.0, 12.0, 3.0, 8.0, 8.0, 16.0, 14.0, 15.0, 13.0, 3.0, 11.0, 13.0, 10.0, 12.0, 13.0, 14.0])
('DeKalb-Georgia', 'OZONE', [3.0, 3.0, 3.0, 4.0, 3.0, 3.0, 3.0, 3.0, 3.0, 2.0, 2.0, 1.0, 2.0, 2.0, 2.0, 1.0, 2.0, 2.0, 2.0, 14.0, 4.0])
('Denali -Alaska', 'OZONE', [15.0, 8.0, 9.0, 13.0, 12.0, 11.0, 13.0, 10.0, 5.0, 10.0, 13.0, 11.0, 11.0, 12.0, 10.0, 14.0, 8.0, 9.0, 11.0, 13.0, 9.0])
('Denton-Texas', 'OZONE', [7.0, 6.0, 2.0, 0.0, 0.0, 0.0, 3.0, 4.0, 1.0, 2.0, 1.0, 1.0, 3.0, 4.0, 4.0, 6.0, 1.0, 3.0, 8.0, 6.0, 1.0])
('Denver-Colorado', 'OZONE', [1.0, 0.0, 0.0, 0.0, 1.0, 0.0, 0.0, 0.0, 0.0, 0.0, 0.0, 0.0, 0.0, 0.0, 0.0, 0.0, 0.0, 1.0, 4.0, 0.0, 2.0])
('Dodge-Wisconsin', 'OZONE', [9.0, 17.0, 13.0, 11.0, 17.0, 10.0, 10.0, 11.0, 17.0, 14.0, 17.0, 16.0, 10.0, 5.0, 12.0, 4.0, 3.0, 8.0, 3.0, 10.0, 10.0])
('Dona Ana-New Mexico', 'OZONE', [12.0, 9.0, 9.0, 6.0, 3.0, 6.0, 6.0, 8.0, 10.0, 1.0, 8.0, 1.0, 3.0, 7.0, 3.0, 8.0, 0.0, 4.0, 5.0, 8.0, 7.0])
('Duval-Florida', 'OZONE', [7.0, 0.0, 4.0, 2.0, 3.0, 7.0, 7.0, 4.0, 8.0, 4.0, 6.0, 0.0, 0.0, 2.0, 3.0, 3.0, 0.0, 4.0, 9.0, 7.0, 9.0])
('East Baton Rouge-Louisiana', 'OZONE', [0.0, 1.0, 1.0, 1.0, 3.0, 2.0, 3.0, 2.0, 1.0, 5.0, 0.0, 6.0, 3.0, 3.0, 3.0, 3.0, 6.0, 4.0, 7.0, 3.0, 1.0])
('Edgefield-South Carolina', 'OZONE', [8.0, 2.0, 0.0, 3.0, 4.0, 0.0, 5.0, 8.0, 7.0, 2.0, 0.0, 5.0, 2.0, 8.0, 5.0, 5.0, 8.0, 3.0, 8.0, 10.0, 11.0])
('Edmonson-Kentucky', 'OZONE', [6.0, 5.0, 3.0, 0.0, 3.0, 0.0, 6.0, 4.0, 3.0, 7.0, 6.0, 9.0, 7.0, 2.0, 8.0, 4.0, 8.0, 6.0, 6.0, 4.0, 5.0])
('Effingham-Illinois', 'OZONE', [0.0, 10.0, 2.0, 4.0, 5.0, 5.0, 14.0, 5.0, 8.0, 11.0, 9.0, 18.0, 8.0, 14.0, 0.0, 14.0, 3.0, 4.0, 10.0, 7.0, 0.0])
('El Dorado-California', 'OZONE', [20.0, 0.0, 20.0, 17.0, 0.0, 19.0, 14.0, 12.0, 16.0, 14.0, 20.0, 8.0, 14.0, 14.0, 14.0, 14.0, 12.0, 15.0, 14.0, 7.0, 10.0])
('El Paso-Colorado', 'OZONE', [0.0, 6.0, 0.0, 2.0, 0.0, 2.0, 1.0, 0.0, 1.0, 2.0, 4.0, 3.0, 3.0, 6.0, 2.0, 0.0, 6.0, 3.0, 8.0, 9.0, 8.0])
('El Paso-Texas', 'OZONE', [0.0, 0.0, 0.0, 0.0, 0.0, 0.0, 0.0, 3.0, 0.0, 7.0, 2.0, 1.0, 0.0, 0.0, 7.0, 0.0, 1.0, 0.0, 10.0, 2.0, 2.0])
('Erie-New York', 'OZONE', [5.0, 3.0, 1.0, 3.0, 1.0, 4.0, 2.0, 3.0, 1.0, 3.0, 5.0, 5.0, 4.0, 3.0, 1.0, 1.0, 6.0, 2.0, 1.0, 7.0, 12.0])
('Erie-Pennsylvania', 'OZONE', [6.0, 6.0, 2.0, 6.0, 3.0, 5.0, 9.0, 1.0, 11.0, 8.0, 8.0, 18.0, 12.0, 14.0, 12.0, 12.0, 3.0, 8.0, 16.0, 12.0, 19.0])
('Escambia-Florida', 'OZONE', [6.0, 2.0, 10.0, 4.0, 8.0, 3.0, 7.0, 5.0, 6.0, 3.0, 2.0, 12.0, 10.0, 8.0, 11.0, 8.0, 9.0, 0.0, 7.0, 9.0, 10.0])
('Essex-Massachusetts', 'OZONE', [0.0, 2.0, 3.0, 2.0, 0.0, 1.0, 3.0, 0.0, 2.0, 1.0, 3.0, 3.0, 4.0, 2.0, 3.0, 4.0, 3.0, 8.0, 8.0, 2.0, 7.0])
('Fairfax-Virginia', 'OZONE', [0.0, 0.0, 0.0, 1.0, 0.0, 0.0, 0.0, 0.0, 0.0, 0.0, 1.0, 0.0, 1.0, 0.0, 0.0, 0.0, 0.0, 1.0, 0.0, 3.0, 0.0])
('Fauquier-Virginia', 'OZONE', [11.0, 5.0, 5.0, 6.0, 4.0, 2.0, 5.0, 8.0, 10.0, 8.0, 7.0, 6.0, 14.0, 7.0, 1.0, 9.0, 0.0, 0.0, 13.0, 9.0, 15.0])
('Fayette-Kentucky', 'OZONE', [3.0, 6.0, 0.0, 8.0, 2.0, 3.0, 4.0, 3.0, 10.0, 8.0, 3.0, 8.0, 8.0, 2.0, 5.0, 0.0, 5.0, 4.0, 7.0, 10.0, 8.0])
('Forsyth-North Carolina', 'OZONE', [11.0, 6.0, 4.0, 10.0, 6.0, 12.0, 6.0, 8.0, 10.0, 4.0, 8.0, 8.0, 1.0, 4.0, 3.0, 6.0, 1.0, 5.0, 7.0, 11.0, 2.0])
('Franklin-Ohio', 'OZONE', [0.0, 0.0, 0.0, 6.0, 3.0, 0.0, 0.0, 3.0, 2.0, 3.0, 3.0, 3.0, 2.0, 2.0, 2.0, 8.0, 1.0, 2.0, 1.0, 8.0, 13.0])
('Fresno-California', 'OZONE', [1.0, 0.0, 0.0, 0.0, 0.0, 0.0, 1.0, 0.0, 1.0, 3.0, 3.0, 0.0, 4.0, 3.0, 3.0, 2.0, 3.0, 2.0, 1.0, 2.0, 1.0])
('Fulton-Georgia', 'OZONE', [4.0, 4.0, 8.0, 8.0, 4.0, 7.0, 3.0, 3.0, 9.0, 5.0, 12.0, 2.0, 2.0, 4.0, 2.0, 3.0, 12.0, 5.0, 5.0, 12.0, 9.0])
('Genesee-Michigan', 'OZONE', [8.0, 0.0, 3.0, 5.0, 0.0, 8.0, 9.0, 5.0, 2.0, 2.0, 11.0, 13.0, 2.0, 12.0, 15.0, 13.0, 9.0, 16.0, 9.0, 1.0, 14.0])
('Greenbrier-West Virginia', 'OZONE', [17.0, 2.0, 12.0, 9.0, 8.0, 9.0, 19.0, 16.0, 18.0, 18.0, 27.0, 14.0, 3.0, 10.0, 3.0, 5.0, 8.0, 7.0, 17.0, 25.0, 6.0])
('Greene-Missouri', 'OZONE', [0.0, 0.0, 0.0, 0.0, 0.0, 5.0, 0.0, 14.0, 8.0, 14.0, 14.0, 15.0, 2.0, 0.0, 5.0, 10.0, 0.0, 10.0, 1.0, 9.0, 10.0])
('Greenup-Kentucky', 'OZONE', [0.0, 5.0, 0.0, 3.0, 3.0, 3.0, 0.0, 3.0, 3.0, 3.0, 3.0, 10.0, 5.0, 2.0, 4.0, 3.0, 1.0, 3.0, 8.0, 0.0, 16.0])
('Guilford-North Carolina', 'OZONE', [6.0, 13.0, 1.0, 7.0, 7.0, 14.0, 19.0, 12.0, 7.0, 9.0, 10.0, 14.0, 1.0, 12.0, 5.0, 6.0, 0.0, 1.0, 15.0, 10.0, 0.0])
('Hamilton-Indiana', 'OZONE', [8.0, 14.0, 4.0, 15.0, 14.0, 15.0, 13.0, 3.0, 15.0, 12.0, 21.0, 19.0, 1.0, 17.0, 19.0, 16.0, 19.0, 14.0, 15.0, 9.0, 16.0])
('Hamilton-Ohio', 'OZONE', [0.0, 1.0, 0.0, 2.0, 2.0, 2.0, 1.0, 1.0, 3.0, 0.0, 2.0, 3.0, 0.0, 2.0, 1.0, 8.0, 0.0, 3.0, 2.0, 3.0, 1.0])
('Hamilton-Tennessee', 'OZONE', [1.0, 1.0, 1.0, 3.0, 3.0, 3.0, 3.0, 3.0, 3.0, 6.0, 0.0, 4.0, 9.0, 10.0, 1.0, 2.0, 12.0, 3.0, 14.0, 19.0, 14.0])
('Hampden-Massachusetts', 'OZONE', [0.0, 0.0, 0.0, 3.0, 0.0, 0.0, 3.0, 1.0, 1.0, 0.0, 0.0, 0.0, 3.0, 7.0, 1.0, 2.0, 0.0, 3.0, 3.0, 1.0, 2.0])
('Hampshire-Massachusetts', 'OZONE', [0.0, 1.0, 8.0, 4.0, 2.0, 0.0, 1.0, 6.0, 6.0, 2.0, 1.0, 6.0, 6.0, 0.0, 5.0, 8.0, 4.0, 9.0, 7.0, 4.0, 8.0])
('Hampton City-Virginia', 'OZONE', [6.0, 2.0, 5.0, 8.0, 3.0, 2.0, 10.0, 16.0, 13.0, 7.0, 9.0, 6.0, 8.0, 18.0, 10.0, 6.0, 0.0, 0.0, 13.0, 12.0, 16.0])
('Hancock-Indiana', 'OZONE', [8.0, 3.0, 6.0, 14.0, 11.0, 8.0, 7.0, 2.0, 15.0, 8.0, 22.0, 16.0, 6.0, 14.0, 16.0, 11.0, 14.0, 15.0, 15.0, 14.0, 16.0])
('Hancock-Kentucky', 'OZONE', [11.0, 13.0, 5.0, 3.0, 3.0, 5.0, 10.0, 4.0, 11.0, 2.0, 19.0, 11.0, 8.0, 10.0, 3.0, 10.0, 7.0, 10.0, 3.0, 14.0, 17.0])
('Hancock-Maine', 'OZONE', [15.0, 16.0, 10.0, 8.0, 8.0, 14.0, 13.0, 10.0, 3.0, 14.0, 18.0, 15.0, 8.0, 8.0, 10.0, 14.0, 11.0, 12.0, 11.0, 11.0, 11.0])
('Harris-Texas', 'OZONE', [0.0, 0.0, 0.0, 0.0, 0.0, 0.0, 0.0, 0.0, 0.0, 0.0, 1.0, 2.0, 0.0, 0.0, 0.0, 0.0, 0.0, 0.0, 0.0, 0.0, 0.0])
('Hartford-Connecticut', 'OZONE', [2.0, 0.0, 7.0, 4.0, 1.0, 2.0, 3.0, 0.0, 4.0, 10.0, 9.0, 4.0, 1.0, 1.0, 2.0, 1.0, 1.0, 5.0, 6.0, 9.0, 10.0])
('Henrico-Virginia', 'OZONE', [1.0, 2.0, 3.0, 2.0, 0.0, 4.0, 8.0, 4.0, 7.0, 6.0, 7.0, 8.0, 0.0, 8.0, 5.0, 0.0, 7.0, 3.0, 12.0, 15.0, 12.0])
('Hillsborough-Florida', 'OZONE', [1.0, 3.0, 3.0, 3.0, 9.0, 4.0, 8.0, 4.0, 8.0, 8.0, 4.0, 7.0, 3.0, 3.0, 8.0, 6.0, 6.0, 7.0, 4.0, 9.0, 9.0])
('Hillsborough-New Hampshire', 'OZONE', [0.0, 0.0, 3.0, 0.0, 3.0, 3.0, 5.0, 3.0, 3.0, 8.0, 3.0, 0.0, 1.0, 4.0, 13.0, 7.0, 6.0, 2.0, 10.0, 4.0, 0.0])
('Hinds-Mississippi', 'OZONE', [6.0, 5.0, 5.0, 4.0, 4.0, 1.0, 2.0, 6.0, 8.0, 16.0, 9.0, 0.0, 13.0, 9.0, 8.0, 3.0, 12.0, 14.0, 12.0, 11.0, 12.0])
('Honolulu-Hawaii', 'OZONE', [0.0, 0.0, 0.0, 2.0, 3.0, 10.0, 2.0, 5.0, 1.0, 4.0, 3.0, 5.0, 3.0, 4.0, 3.0, 4.0, 6.0, 5.0, 2.0, 3.0, 4.0])
('Hunterdon-New Jersey', 'OZONE', [1.0, 1.0, 1.0, 1.0, 1.0, 1.0, 1.0, 1.0, 1.0, 1.0, 1.0, 1.0, 2.0, 1.0, 1.0, 2.0, 2.0, 3.0, 2.0, 0.0, 0.0])
('Iberville-Louisiana', 'OZONE', [10.0, 4.0, 8.0, 2.0, 4.0, 0.0, 3.0, 1.0, 2.0, 6.0, 3.0, 2.0, 4.0, 4.0, 4.0, 5.0, 1.0, 6.0, 2.0, 4.0, 2.0])
('Imperial-California', 'OZONE', [0.0, 6.0, 13.0, 5.0, 10.0, 0.0, 1.0, 8.0, 8.0, 3.0, 0.0, 0.0, 7.0, 0.0, 8.0, 0.0, 1.0, 3.0, 7.0, 3.0, 2.0])
('Ingham-Michigan', 'OZONE', [6.0, 10.0, 3.0, 10.0, 15.0, 9.0, 14.0, 14.0, 11.0, 3.0, 14.0, 14.0, 11.0, 10.0, 18.0, 12.0, 14.0, 10.0, 11.0, 17.0, 15.0])
('Jackson-Mississippi', 'OZONE', [13.0, 9.0, 15.0, 14.0, 9.0, 8.0, 7.0, 8.0, 8.0, 9.0, 9.0, 3.0, 14.0, 3.0, 8.0, 5.0, 14.0, 11.0, 12.0, 18.0, 16.0])
('Jefferson-Colorado', 'OZONE', [6.0, 5.0, 1.0, 0.0, 2.0, 2.0, 0.0, 3.0, 1.0, 1.0, 0.0, 0.0, 0.0, 1.0, 0.0, 0.0, 0.0, 0.0, 3.0, 3.0, 2.0])
('Jefferson-Kentucky', 'OZONE', [0.0, 0.0, 0.0, 0.0, 0.0, 0.0, 0.0, 0.0, 2.0, 1.0, 4.0, 2.0, 3.0, 3.0, 0.0, 0.0, 0.0, 4.0, 3.0, 8.0, 7.0])
('Jefferson-Louisiana', 'OZONE', [6.0, 1.0, 5.0, 5.0, 3.0, 7.0, 9.0, 3.0, 7.0, 8.0, 7.0, 13.0, 8.0, 10.0, 9.0, 11.0, 3.0, 7.0, 10.0, 9.0, 3.0])
('Jefferson-Missouri', 'OZONE', [0.0, 3.0, 0.0, 1.0, 7.0, 3.0, 6.0, 10.0, 9.0, 18.0, 14.0, 14.0, 5.0, 9.0, 3.0, 10.0, 2.0, 8.0, 12.0, 8.0, 11.0])
('Jefferson-New York', 'OZONE', [12.0, 16.0, 6.0, 14.0, 9.0, 8.0, 13.0, 7.0, 14.0, 14.0, 11.0, 12.0, 11.0, 15.0, 3.0, 6.0, 7.0, 7.0, 16.0, 7.0, 0.0])
('Jefferson-Ohio', 'OZONE', [1.0, 0.0, 0.0, 0.0, 4.0, 0.0, 2.0, 6.0, 2.0, 3.0, 2.0, 1.0, 0.0, 7.0, 3.0, 8.0, 1.0, 4.0, 7.0, 1.0, 11.0])
('Jefferson-Texas', 'OZONE', [0.0, 0.0, 3.0, 0.0, 3.0, 0.0, 6.0, 8.0, 4.0, 5.0, 2.0, 0.0, 0.0, 0.0, 6.0, 4.0, 8.0, 2.0, 6.0, 4.0, 1.0])
('Jefferson-Wisconsin', 'OZONE', [13.0, 13.0, 12.0, 13.0, 13.0, 10.0, 8.0, 14.0, 14.0, 9.0, 6.0, 14.0, 14.0, 15.0, 14.0, 16.0, 10.0, 8.0, 13.0, 12.0, 8.0])
('Jersey-Illinois', 'OZONE', [8.0, 9.0, 14.0, 6.0, 5.0, 2.0, 11.0, 10.0, 11.0, 16.0, 1.0, 10.0, 8.0, 18.0, 3.0, 10.0, 3.0, 8.0, 8.0, 8.0, 13.0])
('Kane-Illinois', 'OZONE', [3.0, 1.0, 2.0, 4.0, 3.0, 3.0, 3.0, 2.0, 2.0, 0.0, 2.0, 1.0, 3.0, 1.0, 2.0, 0.0, 2.0, 3.0, 0.0, 1.0, 3.0])
('Kennebec-Maine', 'OZONE', [9.0, 6.0, 13.0, 12.0, 3.0, 1.0, 8.0, 4.0, 10.0, 10.0, 8.0, 3.0, 11.0, 14.0, 1.0, 12.0, 13.0, 14.0, 14.0, 2.0, 14.0])
('Kenosha-Wisconsin', 'OZONE', [11.0, 9.0, 14.0, 9.0, 5.0, 11.0, 11.0, 13.0, 10.0, 6.0, 2.0, 11.0, 13.0, 11.0, 14.0, 5.0, 14.0, 7.0, 12.0, 6.0, 15.0])
('Kent-Delaware', 'OZONE', [3.0, 0.0, 2.0, 3.0, 3.0, 8.0, 2.0, 13.0, 6.0, 14.0, 5.0, 11.0, 12.0, 17.0, 12.0, 8.0, 0.0, 2.0, 3.0, 12.0, 16.0])
('Kent-Michigan', 'OZONE', [6.0, 3.0, 5.0, 4.0, 12.0, 8.0, 8.0, 3.0, 3.0, 1.0, 11.0, 6.0, 7.0, 5.0, 8.0, 2.0, 14.0, 8.0, 8.0, 12.0, 12.0])
('Kent-Rhode Island', 'OZONE', [6.0, 16.0, 12.0, 4.0, 5.0, 3.0, 14.0, 11.0, 14.0, 7.0, 1.0, 1.0, 5.0, 15.0, 5.0, 11.0, 9.0, 14.0, 7.0, 11.0, 12.0])
('Kenton-Kentucky', 'OZONE', [0.0, 4.0, 3.0, 1.0, 5.0, 2.0, 6.0, 8.0, 3.0, 6.0, 5.0, 2.0, 4.0, 8.0, 1.0, 1.0, 1.0, 3.0, 5.0, 6.0, 9.0])
('Kern-California', 'OZONE', [0.0, 6.0, 0.0, 0.0, 0.0, 0.0, 0.0, 1.0, 0.0, 2.0, 0.0, 0.0, 1.0, 1.0, 0.0, 3.0, 2.0, 1.0, 1.0, 2.0, 1.0])
('Kewaunee-Wisconsin', 'OZONE', [11.0, 15.0, 14.0, 14.0, 15.0, 14.0, 13.0, 14.0, 15.0, 16.0, 18.0, 19.0, 17.0, 13.0, 17.0, 16.0, 11.0, 15.0, 18.0, 19.0, 14.0])
('King-Washington', 'OZONE', [0.0, 0.0, 0.0, 4.0, 0.0, 1.0, 3.0, 5.0, 2.0, 2.0, 2.0, 3.0, 5.0, 2.0, 8.0, 1.0, 3.0, 0.0, 1.0, 1.0, 0.0])
('Kings-California', 'OZONE', [7.0, 14.0, 9.0, 8.0, 3.0, 4.0, 3.0, 4.0, 2.0, 12.0, 4.0, 6.0, 2.0, 4.0, 3.0, 3.0, 3.0, 2.0, 2.0, 2.0, 6.0])
('Knox-Maine', 'OZONE', [14.0, 12.0, 5.0, 12.0, 14.0, 13.0, 17.0, 8.0, 15.0, 8.0, 17.0, 10.0, 14.0, 17.0, 15.0, 15.0, 10.0, 13.0, 14.0, 13.0, 10.0])
('Knox-Ohio', 'OZONE', [10.0, 14.0, 2.0, 2.0, 15.0, 8.0, 13.0, 6.0, 10.0, 9.0, 14.0, 17.0, 14.0, 16.0, 6.0, 14.0, 7.0, 3.0, 10.0, 7.0, 18.0])
('Knox-Tennessee', 'OZONE', [5.0, 5.0, 4.0, 4.0, 4.0, 6.0, 4.0, 4.0, 10.0, 9.0, 16.0, 9.0, 1.0, 1.0, 3.0, 3.0, 4.0, 3.0, 3.0, 5.0, 3.0])
('Lafayette-Louisiana', 'OZONE', [6.0, 0.0, 0.0, 1.0, 3.0, 3.0, 5.0, 5.0, 9.0, 10.0, 6.0, 8.0, 9.0, 4.0, 8.0, 7.0, 11.0, 7.0, 5.0, 6.0, 7.0])
('Lake-California', 'OZONE', [2.0, 0.0, 2.0, 6.0, 5.0, 0.0, 9.0, 2.0, 5.0, 0.0, 6.0, 10.0, 10.0, 13.0, 10.0, 8.0, 0.0, 8.0, 8.0, 10.0, 8.0])
('Lake-Illinois', 'OZONE', [0.0, 2.0, 1.0, 2.0, 0.0, 1.0, 0.0, 1.0, 1.0, 1.0, 1.0, 3.0, 2.0, 0.0, 1.0, 3.0, 3.0, 1.0, 3.0, 5.0, 4.0])
('Lake-Indiana', 'OZONE', [5.0, 5.0, 3.0, 3.0, 10.0, 7.0, 3.0, 3.0, 3.0, 3.0, 8.0, 9.0, 3.0, 10.0, 3.0, 5.0, 8.0, 5.0, 8.0, 7.0, 0.0])
('Lancaster-Pennsylvania', 'OZONE', [2.0, 1.0, 2.0, 1.0, 1.0, 1.0, 8.0, 8.0, 6.0, 8.0, 5.0, 4.0, 0.0, 14.0, 8.0, 4.0, 4.0, 3.0, 14.0, 12.0, 15.0])
('Lane-Oregon', 'OZONE', [0.0, 0.0, 3.0, 12.0, 0.0, 2.0, 2.0, 3.0, 8.0, 8.0, 9.0, 9.0, 5.0, 1.0, 7.0, 8.0, 3.0, 11.0, 4.0, 9.0, 6.0])
('Larimer-Colorado', 'OZONE', [0.0, 0.0, 5.0, 3.0, 3.0, 2.0, 1.0, 1.0, 1.0, 1.0, 3.0, 0.0, 1.0, 2.0, 0.0, 2.0, 3.0, 1.0, 3.0, 3.0, 2.0])
('Lauderdale-Mississippi', 'OZONE', [11.0, 5.0, 14.0, 9.0, 4.0, 3.0, 5.0, 7.0, 5.0, 14.0, 12.0, 18.0, 14.0, 8.0, 8.0, 7.0, 14.0, 5.0, 16.0, 14.0, 9.0])
('Lawrence-Pennsylvania', 'OZONE', [2.0, 4.0, 2.0, 4.0, 3.0, 3.0, 1.0, 1.0, 2.0, 12.0, 3.0, 7.0, 0.0, 2.0, 5.0, 4.0, 3.0, 5.0, 10.0, 7.0, 3.0])
('Lee-Florida', 'OZONE', [7.0, 11.0, 11.0, 8.0, 10.0, 11.0, 12.0, 10.0, 8.0, 11.0, 7.0, 14.0, 10.0, 12.0, 13.0, 14.0, 6.0, 7.0, 13.0, 15.0, 14.0])
('Lehigh-Pennsylvania', 'OZONE', [2.0, 1.0, 1.0, 2.0, 1.0, 0.0, 3.0, 4.0, 9.0, 12.0, 4.0, 7.0, 1.0, 7.0, 3.0, 6.0, 2.0, 3.0, 10.0, 2.0, 8.0])
('Lorain-Ohio', 'OZONE', [3.0, 6.0, 0.0, 2.0, 8.0, 3.0, 7.0, 3.0, 8.0, 3.0, 2.0, 13.0, 4.0, 2.0, 3.0, 11.0, 2.0, 4.0, 5.0, 14.0, 17.0])
('Los Angeles-California', 'OZONE', [0.0, 0.0, 0.0, 0.0, 0.0, 0.0, 0.0, 0.0, 0.0, 0.0, 0.0, 0.0, 0.0, 0.0, 1.0, 0.0, 1.0, 1.0, 0.0, 1.0, 0.0])
('Luzerne-Pennsylvania', 'OZONE', [1.0, 4.0, 1.0, 3.0, 1.0, 2.0, 0.0, 4.0, 2.0, 8.0, 8.0, 1.0, 0.0, 13.0, 9.0, 6.0, 3.0, 4.0, 3.0, 14.0, 8.0])
('Lycoming-Pennsylvania', 'OZONE', [1.0, 2.0, 0.0, 1.0, 0.0, 1.0, 2.0, 6.0, 1.0, 3.0, 8.0, 0.0, 2.0, 7.0, 10.0, 7.0, 4.0, 5.0, 10.0, 10.0, 8.0])
('Macomb-Michigan', 'OZONE', [5.0, 4.0, 0.0, 3.0, 10.0, 6.0, 8.0, 0.0, 7.0, 2.0, 8.0, 2.0, 0.0, 2.0, 15.0, 7.0, 10.0, 15.0, 9.0, 14.0, 13.0])
('Macon-Illinois', 'OZONE', [1.0, 1.0, 3.0, 6.0, 3.0, 4.0, 2.0, 2.0, 3.0, 4.0, 1.0, 5.0, 3.0, 2.0, 3.0, 3.0, 6.0, 3.0, 3.0, 7.0, 8.0])
('Macoupin-Illinois', 'OZONE', [3.0, 3.0, 5.0, 3.0, 5.0, 4.0, 2.0, 2.0, 4.0, 6.0, 4.0, 7.0, 6.0, 2.0, 3.0, 4.0, 3.0, 2.0, 8.0, 5.0, 8.0])
('Madera-California', 'OZONE', [9.0, 1.0, 7.0, 6.0, 0.0, 1.0, 3.0, 4.0, 2.0, 4.0, 7.0, 3.0, 5.0, 8.0, 5.0, 3.0, 3.0, 1.0, 2.0, 4.0, 7.0])
('Madison-Alabama', 'OZONE', [11.0, 9.0, 0.0, 5.0, 0.0, 2.0, 3.0, 6.0, 3.0, 4.0, 2.0, 6.0, 5.0, 1.0, 7.0, 5.0, 9.0, 8.0, 9.0, 13.0, 3.0])
('Madison-Illinois', 'OZONE', [2.0, 1.0, 3.0, 2.0, 0.0, 2.0, 2.0, 2.0, 3.0, 3.0, 1.0, 3.0, 3.0, 2.0, 2.0, 4.0, 2.0, 1.0, 4.0, 5.0, 6.0])
('Mahoning-Ohio', 'OZONE', [2.0, 0.0, 0.0, 0.0, 5.0, 2.0, 0.0, 0.0, 0.0, 8.0, 3.0, 10.0, 1.0, 0.0, 3.0, 4.0, 2.0, 2.0, 9.0, 6.0, 14.0])
('Manitowoc-Wisconsin', 'OZONE', [7.0, 12.0, 12.0, 12.0, 8.0, 8.0, 13.0, 14.0, 14.0, 12.0, 14.0, 16.0, 14.0, 11.0, 13.0, 13.0, 13.0, 13.0, 13.0, 15.0, 7.0])
('Maricopa-Arizona', 'OZONE', [0.0, 0.0, 0.0, 0.0, 0.0, 0.0, 0.0, 1.0, 0.0, 1.0, 1.0, 0.0, 0.0, 0.0, 1.0, 1.0, 2.0, 1.0, 2.0, 2.0, 1.0])
('Marin-California', 'OZONE', [2.0, 0.0, 0.0, 0.0, 1.0, 0.0, 0.0, 1.0, 3.0, 3.0, 1.0, 0.0, 1.0, 2.0, 1.0, 0.0, 1.0, 1.0, 1.0, 4.0, 3.0])
('Marion-Indiana', 'OZONE', [1.0, 6.0, 6.0, 4.0, 8.0, 7.0, 5.0, 3.0, 7.0, 1.0, 3.0, 12.0, 1.0, 10.0, 9.0, 8.0, 9.0, 8.0, 6.0, 12.0, 8.0])
('Mariposa-California', 'OZONE', [7.0, 6.0, 6.0, 3.0, 2.0, 3.0, 0.0, 3.0, 7.0, 18.0, 15.0, 23.0, 25.0, 22.0, 0.0, 0.0, 1.0, 0.0, 17.0, 18.0, 15.0])
('McClain-Oklahoma', 'OZONE', [8.0, 5.0, 6.0, 0.0, 8.0, 3.0, 7.0, 6.0, 7.0, 9.0, 7.0, 10.0, 12.0, 3.0, 1.0, 11.0, 3.0, 2.0, 5.0, 7.0, 11.0])
('McCracken-Kentucky', 'OZONE', [10.0, 0.0, 1.0, 4.0, 2.0, 4.0, 4.0, 4.0, 5.0, 11.0, 14.0, 14.0, 12.0, 13.0, 4.0, 2.0, 6.0, 11.0, 13.0, 8.0, 0.0])
('McHenry-Illinois', 'OZONE', [7.0, 4.0, 2.0, 2.0, 2.0, 4.0, 2.0, 2.0, 3.0, 2.0, 1.0, 3.0, 5.0, 2.0, 2.0, 1.0, 1.0, 3.0, 1.0, 1.0, 4.0])
('Medina-Ohio', 'OZONE', [0.0, 9.0, 0.0, 11.0, 4.0, 8.0, 13.0, 2.0, 14.0, 9.0, 10.0, 16.0, 0.0, 10.0, 5.0, 4.0, 8.0, 8.0, 4.0, 14.0, 10.0])
('Mercer-North Dakota', 'OZONE', [15.0, 10.0, 13.0, 10.0, 8.0, 12.0, 14.0, 9.0, 17.0, 15.0, 10.0, 10.0, 4.0, 8.0, 8.0, 9.0, 6.0, 9.0, 10.0, 11.0, 13.0])
('Mercer-Pennsylvania', 'OZONE', [7.0, 6.0, 4.0, 6.0, 3.0, 3.0, 7.0, 2.0, 8.0, 16.0, 8.0, 14.0, 4.0, 8.0, 8.0, 9.0, 3.0, 7.0, 9.0, 4.0, 15.0])
('Miami-Dade-Florida', 'OZONE', [3.0, 1.0, 5.0, 5.0, 2.0, 3.0, 0.0, 2.0, 2.0, 3.0, 3.0, 8.0, 3.0, 3.0, 3.0, 10.0, 0.0, 3.0, 8.0, 12.0, 13.0])
('Middlesex-Connecticut', 'OZONE', [12.0, 3.0, 14.0, 8.0, 6.0, 3.0, 7.0, 8.0, 12.0, 16.0, 2.0, 3.0, 1.0, 3.0, 12.0, 8.0, 11.0, 12.0, 11.0, 18.0, 11.0])
('Middlesex-Massachusetts', 'OZONE', [2.0, 0.0, 0.0, 2.0, 0.0, 4.0, 9.0, 1.0, 4.0, 11.0, 3.0, 1.0, 3.0, 3.0, 8.0, 3.0, 8.0, 2.0, 2.0, 2.0, 3.0])
('Middlesex-New Jersey', 'OZONE', [1.0, 1.0, 1.0, 1.0, 1.0, 2.0, 1.0, 1.0, 1.0, 3.0, 3.0, 3.0, 3.0, 1.0, 3.0, 1.0, 4.0, 2.0, 4.0, 1.0, 3.0])
('Milwaukee-Wisconsin', 'OZONE', [6.0, 5.0, 3.0, 5.0, 14.0, 2.0, 9.0, 11.0, 12.0, 5.0, 8.0, 8.0, 8.0, 8.0, 5.0, 2.0, 2.0, 2.0, 3.0, 3.0, 6.0])
('Mobile-Alabama', 'OZONE', [2.0, 6.0, 0.0, 2.0, 0.0, 2.0, 2.0, 0.0, 2.0, 7.0, 6.0, 0.0, 0.0, 0.0, 2.0, 7.0, 14.0, 1.0, 0.0, 14.0, 0.0])
('Monroe-Missouri', 'OZONE', [0.0, 0.0, 3.0, 3.0, 0.0, 5.0, 11.0, 19.0, 14.0, 20.0, 12.0, 14.0, 16.0, 21.0, 8.0, 15.0, 9.0, 15.0, 16.0, 14.0, 11.0])
('Monroe-New York', 'OZONE', [4.0, 6.0, 3.0, 4.0, 2.0, 3.0, 4.0, 2.0, 3.0, 4.0, 7.0, 3.0, 3.0, 4.0, 6.0, 3.0, 2.0, 4.0, 2.0, 9.0, 10.0])
('Monterey-California', 'OZONE', [9.0, 15.0, 4.0, 12.0, 3.0, 1.0, 4.0, 4.0, 1.0, 8.0, 8.0, 10.0, 7.0, 7.0, 7.0, 9.0, 12.0, 8.0, 6.0, 12.0, 5.0])
('Montgomery-Ohio', 'OZONE', [0.0, 6.0, 0.0, 0.0, 3.0, 4.0, 9.0, 3.0, 11.0, 6.0, 10.0, 8.0, 2.0, 3.0, 3.0, 8.0, 1.0, 3.0, 5.0, 6.0, 15.0])
('Montgomery-Pennsylvania', 'OZONE', [1.0, 2.0, 2.0, 2.0, 1.0, 2.0, 3.0, 3.0, 3.0, 12.0, 6.0, 1.0, 1.0, 3.0, 8.0, 0.0, 4.0, 3.0, 6.0, 12.0, 14.0])
('Morris-New Jersey', 'OZONE', [2.0, 3.0, 3.0, 5.0, 1.0, 1.0, 4.0, 1.0, 2.0, 5.0, 1.0, 5.0, 3.0, 3.0, 9.0, 8.0, 6.0, 3.0, 4.0, 3.0, 8.0])
('Muskegon-Michigan', 'OZONE', [7.0, 17.0, 11.0, 8.0, 13.0, 14.0, 17.0, 5.0, 9.0, 6.0, 17.0, 17.0, 11.0, 14.0, 16.0, 18.0, 15.0, 14.0, 12.0, 11.0, 0.0])
('Napa-California', 'OZONE', [0.0, 3.0, 0.0, 0.0, 1.0, 0.0, 1.0, 3.0, 3.0, 3.0, 3.0, 2.0, 3.0, 6.0, 0.0, 0.0, 2.0, 3.0, 3.0, 6.0, 4.0])
('New London-Connecticut', 'OZONE', [14.0, 9.0, 13.0, 14.0, 1.0, 8.0, 15.0, 2.0, 14.0, 21.0, 13.0, 18.0, 13.0, 20.0, 10.0, 18.0, 11.0, 17.0, 17.0, 15.0, 12.0])
('Northampton-Pennsylvania', 'OZONE', [3.0, 1.0, 0.0, 0.0, 0.0, 1.0, 1.0, 3.0, 0.0, 10.0, 5.0, 0.0, 0.0, 2.0, 3.0, 1.0, 3.0, 2.0, 5.0, 6.0, 2.0])
('Oakland-Michigan', 'OZONE', [6.0, 5.0, 0.0, 5.0, 7.0, 2.0, 8.0, 0.0, 4.0, 4.0, 8.0, 13.0, 4.0, 8.0, 16.0, 8.0, 12.0, 14.0, 4.0, 10.0, 10.0])
('Ohio-West Virginia', 'OZONE', [0.0, 1.0, 0.0, 0.0, 2.0, 2.0, 2.0, 4.0, 4.0, 7.0, 5.0, 8.0, 3.0, 4.0, 5.0, 9.0, 3.0, 3.0, 12.0, 3.0, 13.0])
('Oklahoma-Oklahoma', 'OZONE', [5.0, 6.0, 1.0, 4.0, 4.0, 2.0, 1.0, 6.0, 3.0, 3.0, 2.0, 8.0, 7.0, 3.0, 1.0, 5.0, 5.0, 1.0, 7.0, 11.0, 7.0])
('Oldham-Kentucky', 'OZONE', [10.0, 6.0, 7.0, 0.0, 1.0, 8.0, 6.0, 10.0, 14.0, 2.0, 5.0, 8.0, 13.0, 14.0, 6.0, 0.0, 0.0, 10.0, 7.0, 14.0, 14.0])
('Oliver-North Dakota', 'OZONE', [11.0, 22.0, 14.0, 15.0, 10.0, 16.0, 14.0, 14.0, 15.0, 13.0, 13.0, 13.0, 5.0, 11.0, 5.0, 8.0, 3.0, 7.0, 6.0, 12.0, 13.0])
('Oneida-New York', 'OZONE', [9.0, 12.0, 3.0, 5.0, 2.0, 4.0, 8.0, 4.0, 6.0, 4.0, 7.0, 3.0, 8.0, 4.0, 13.0, 13.0, 9.0, 6.0, 8.0, 12.0, 12.0])
('Onondaga-New York', 'OZONE', [7.0, 8.0, 3.0, 2.0, 1.0, 0.0, 1.0, 1.0, 1.0, 3.0, 1.0, 2.0, 3.0, 4.0, 4.0, 3.0, 2.0, 2.0, 2.0, 3.0, 8.0])
('Orange-California', 'OZONE', [0.0, 0.0, 0.0, 0.0, 0.0, 0.0, 0.0, 0.0, 0.0, 0.0, 0.0, 3.0, 0.0, 0.0, 1.0, 0.0, 1.0, 0.0, 1.0, 3.0, 1.0])
('Orange-Florida', 'OZONE', [4.0, 6.0, 3.0, 4.0, 3.0, 7.0, 3.0, 6.0, 1.0, 3.0, 0.0, 8.0, 8.0, 5.0, 5.0, 3.0, 2.0, 8.0, 12.0, 8.0, 9.0])
('Outagamie-Wisconsin', 'OZONE', [10.0, 10.0, 10.0, 12.0, 17.0, 8.0, 13.0, 10.0, 15.0, 5.0, 16.0, 14.0, 12.0, 11.0, 15.0, 14.0, 14.0, 6.0, 15.0, 8.0, 14.0])
('Ozaukee-Wisconsin', 'OZONE', [13.0, 18.0, 3.0, 11.0, 14.0, 13.0, 13.0, 12.0, 13.0, 14.0, 12.0, 14.0, 15.0, 12.0, 13.0, 8.0, 8.0, 9.0, 13.0, 7.0, 4.0])
('Palm Beach-Florida', 'OZONE', [8.0, 2.0, 0.0, 0.0, 1.0, 0.0, 3.0, 3.0, 4.0, 4.0, 3.0, 3.0, 8.0, 3.0, 5.0, 3.0, 6.0, 7.0, 3.0, 8.0, 10.0])
('Peoria-Illinois', 'OZONE', [3.0, 0.0, 3.0, 3.0, 3.0, 1.0, 1.0, 3.0, 0.0, 1.0, 1.0, 1.0, 3.0, 2.0, 2.0, 2.0, 3.0, 2.0, 3.0, 5.0, 7.0])
('Perry-Pennsylvania', 'OZONE', [2.0, 3.0, 3.0, 2.0, 1.0, 2.0, 8.0, 7.0, 5.0, 5.0, 6.0, 9.0, 4.0, 6.0, 3.0, 4.0, 3.0, 4.0, 3.0, 10.0, 14.0])
('Pickens-South Carolina', 'OZONE', [0.0, 0.0, 0.0, 0.0, 3.0, 0.0, 2.0, 1.0, 18.0, 8.0, 0.0, 10.0, 18.0, 16.0, 2.0, 9.0, 7.0, 3.0, 12.0, 8.0, 5.0])
('Pierce-Washington', 'OZONE', [0.0, 9.0, 7.0, 7.0, 7.0, 2.0, 2.0, 3.0, 2.0, 3.0, 5.0, 2.0, 2.0, 8.0, 2.0, 0.0, 0.0, 2.0, 4.0, 3.0, 3.0])
('Pima-Arizona', 'OZONE', [2.0, 0.0, 2.0, 0.0, 0.0, 1.0, 2.0, 2.0, 1.0, 3.0, 1.0, 4.0, 1.0, 2.0, 3.0, 3.0, 2.0, 3.0, 4.0, 4.0, 8.0])
('Pinellas-Florida', 'OZONE', [1.0, 5.0, 1.0, 0.0, 2.0, 3.0, 4.0, 5.0, 3.0, 5.0, 4.0, 1.0, 9.0, 8.0, 8.0, 1.0, 10.0, 8.0, 8.0, 11.0, 10.0])
('Pointe Coupee-Louisiana', 'OZONE', [7.0, 2.0, 4.0, 3.0, 5.0, 2.0, 11.0, 6.0, 9.0, 11.0, 4.0, 8.0, 3.0, 1.0, 8.0, 8.0, 10.0, 8.0, 12.0, 8.0, 10.0])
('Polk-Iowa', 'OZONE', [0.0, 0.0, 0.0, 0.0, 0.0, 0.0, 0.0, 0.0, 0.0, 3.0, 0.0, 8.0, 4.0, 0.0, 2.0, 3.0, 0.0, 1.0, 5.0, 2.0, 9.0])
('Portage-Ohio', 'OZONE', [7.0, 13.0, 0.0, 3.0, 9.0, 8.0, 9.0, 1.0, 8.0, 10.0, 5.0, 18.0, 0.0, 13.0, 6.0, 15.0, 7.0, 8.0, 8.0, 4.0, 0.0])
('Porter-Indiana', 'OZONE', [4.0, 6.0, 2.0, 9.0, 1.0, 3.0, 1.0, 3.0, 13.0, 3.0, 8.0, 3.0, 3.0, 10.0, 7.0, 12.0, 11.0, 3.0, 10.0, 13.0, 3.0])
('Preble-Ohio', 'OZONE', [4.0, 8.0, 6.0, 4.0, 3.0, 4.0, 9.0, 1.0, 6.0, 7.0, 10.0, 9.0, 2.0, 6.0, 6.0, 10.0, 4.0, 8.0, 8.0, 12.0, 14.0])
("Prince George's-Maryland", 'OZONE', [2.0, 0.0, 0.0, 3.0, 3.0, 5.0, 1.0, 6.0, 8.0, 0.0, 1.0, 3.0, 2.0, 3.0, 7.0, 2.0, 1.0, 1.0, 2.0, 0.0, 0.0])
('Providence-Rhode Island', 'OZONE', [6.0, 1.0, 7.0, 4.0, 3.0, 1.0, 8.0, 7.0, 6.0, 4.0, 1.0, 8.0, 3.0, 12.0, 9.0, 19.0, 14.0, 14.0, 14.0, 5.0, 15.0])
('Pulaski-Arkansas', 'OZONE', [1.0, 4.0, 3.0, 3.0, 2.0, 1.0, 2.0, 4.0, 2.0, 4.0, 4.0, 2.0, 1.0, 2.0, 0.0, 1.0, 0.0, 3.0, 1.0, 1.0, 3.0])
('Queens-New York', 'OZONE', [1.0, 5.0, 0.0, 3.0, 2.0, 1.0, 0.0, 0.0, 1.0, 1.0, 1.0, 1.0, 1.0, 0.0, 0.0, 0.0, 0.0, 0.0, 0.0, 0.0, 3.0])
('Racine-Wisconsin', 'OZONE', [11.0, 8.0, 12.0, 10.0, 14.0, 10.0, 10.0, 11.0, 13.0, 8.0, 14.0, 15.0, 11.0, 10.0, 15.0, 12.0, 12.0, 4.0, 11.0, 13.0, 10.0])
('Richland-South Carolina', 'OZONE', [0.0, 0.0, 0.0, 2.0, 0.0, 0.0, 3.0, 0.0, 0.0, 2.0, 0.0, 3.0, 0.0, 4.0, 1.0, 2.0, 3.0, 3.0, 8.0, 0.0, 6.0])
('Richmond-New York', 'OZONE', [6.0, 7.0, 1.0, 7.0, 3.0, 8.0, 3.0, 1.0, 12.0, 3.0, 3.0, 3.0, 6.0, 4.0, 7.0, 3.0, 3.0, 2.0, 7.0, 0.0, 2.0])
('Riverside-California', 'OZONE', [1.0, 0.0, 4.0, 0.0, 0.0, 0.0, 0.0, 3.0, 3.0, 0.0, 5.0, 3.0, 0.0, 0.0, 3.0, 0.0, 0.0, 2.0, 0.0, 0.0, 0.0])
('Roanoke-Virginia', 'OZONE', [1.0, 5.0, 4.0, 0.0, 3.0, 7.0, 5.0, 17.0, 11.0, 13.0, 16.0, 7.0, 0.0, 16.0, 9.0, 8.0, 6.0, 0.0, 10.0, 11.0, 15.0])
('Rock Island-Illinois', 'OZONE', [3.0, 6.0, 2.0, 5.0, 2.0, 2.0, 3.0, 4.0, 3.0, 1.0, 1.0, 3.0, 5.0, 3.0, 4.0, 3.0, 1.0, 3.0, 3.0, 3.0, 5.0])
('Rockdale-Georgia', 'OZONE', [6.0, 3.0, 3.0, 6.0, 5.0, 3.0, 5.0, 3.0, 14.0, 11.0, 13.0, 5.0, 2.0, 4.0, 2.0, 6.0, 9.0, 9.0, 14.0, 14.0, 12.0])
('Rockingham-New Hampshire', 'OZONE', [0.0, 7.0, 3.0, 9.0, 3.0, 4.0, 3.0, 3.0, 9.0, 12.0, 2.0, 1.0, 0.0, 9.0, 14.0, 9.0, 15.0, 13.0, 13.0, 3.0, 1.0])
('Sacramento-California', 'OZONE', [0.0, 0.0, 0.0, 0.0, 0.0, 0.0, 0.0, 1.0, 2.0, 1.0, 0.0, 0.0, 0.0, 2.0, 0.0, 0.0, 0.0, 0.0, 3.0, 3.0, 1.0])
('Saint Charles-Missouri', 'OZONE', [0.0, 0.0, 4.0, 1.0, 3.0, 7.0, 11.0, 13.0, 14.0, 15.0, 10.0, 11.0, 3.0, 14.0, 3.0, 10.0, 5.0, 12.0, 11.0, 10.0, 14.0])
('Saint Clair-Illinois', 'OZONE', [2.0, 1.0, 1.0, 1.0, 2.0, 0.0, 2.0, 2.0, 1.0, 2.0, 1.0, 1.0, 3.0, 1.0, 1.0, 4.0, 3.0, 1.0, 3.0, 3.0, 2.0])
('Saint Louis-Missouri', 'OZONE', [1.0, 0.0, 2.0, 1.0, 0.0, 1.0, 0.0, 5.0, 8.0, 8.0, 6.0, 6.0, 0.0, 3.0, 0.0, 8.0, 0.0, 5.0, 10.0, 7.0, 7.0])
('Salt Lake-Utah', 'OZONE', [4.0, 0.0, 0.0, 0.0, 0.0, 6.0, 7.0, 3.0, 1.0, 8.0, 5.0, 1.0, 0.0, 8.0, 16.0, 0.0, 2.0, 2.0, 1.0, 1.0, 2.0])
('San Benito-California', 'OZONE', [4.0, 14.0, 9.0, 8.0, 11.0, 14.0, 5.0, 6.0, 11.0, 10.0, 14.0, 8.0, 9.0, 10.0, 12.0, 8.0, 5.0, 8.0, 10.0, 15.0, 9.0])
('San Bernardino-California', 'OZONE', [0.0, 0.0, 0.0, 0.0, 0.0, 0.0, 0.0, 2.0, 2.0, 0.0, 0.0, 0.0, 1.0, 0.0, 1.0, 2.0, 1.0, 1.0, 4.0, 4.0, 2.0])
('San Diego-California', 'OZONE', [6.0, 7.0, 9.0, 0.0, 1.0, 3.0, 1.0, 2.0, 2.0, 2.0, 1.0, 0.0, 0.0, 3.0, 4.0, 0.0, 1.0, 0.0, 3.0, 1.0, 5.0])
('San Francisco-California', 'OZONE', [0.0, 0.0, 0.0, 0.0, 0.0, 0.0, 1.0, 3.0, 3.0, 3.0, 3.0, 3.0, 2.0, 1.0, 1.0, 1.0, 2.0, 1.0, 1.0, 5.0, 1.0])
('San Joaquin-California', 'OZONE', [0.0, 0.0, 0.0, 1.0, 1.0, 3.0, 1.0, 2.0, 2.0, 0.0, 2.0, 1.0, 1.0, 3.0, 0.0, 0.0, 2.0, 2.0, 3.0, 5.0, 2.0])
('San Luis Obispo-California', 'OZONE', [3.0, 0.0, 2.0, 7.0, 4.0, 3.0, 0.0, 6.0, 0.0, 8.0, 10.0, 4.0, 5.0, 3.0, 1.0, 3.0, 1.0, 4.0, 8.0, 9.0, 12.0])
('San Mateo-California', 'OZONE', [7.0, 3.0, 0.0, 0.0, 2.0, 0.0, 0.0, 2.0, 2.0, 2.0, 2.0, 2.0, 1.0, 2.0, 2.0, 1.0, 1.0, 2.0, 3.0, 3.0, 1.0])
('Sandoval-New Mexico', 'OZONE', [0.0, 14.0, 13.0, 10.0, 9.0, 11.0, 7.0, 8.0, 12.0, 5.0, 8.0, 7.0, 9.0, 8.0, 6.0, 6.0, 8.0, 9.0, 0.0, 3.0, 0.0])
('Santa Barbara-California', 'OZONE', [1.0, 1.0, 3.0, 2.0, 1.0, 2.0, 4.0, 0.0, 1.0, 2.0, 8.0, 0.0, 3.0, 4.0, 2.0, 8.0, 6.0, 6.0, 5.0, 9.0, 8.0])
('Santa Clara-California', 'OZONE', [5.0, 0.0, 0.0, 0.0, 0.0, 0.0, 0.0, 0.0, 0.0, 0.0, 1.0, 0.0, 2.0, 3.0, 1.0, 1.0, 1.0, 1.0, 4.0, 5.0, 2.0])
('Santa Cruz-California', 'OZONE', [10.0, 5.0, 9.0, 8.0, 5.0, 8.0, 1.0, 3.0, 6.0, 5.0, 3.0, 3.0, 3.0, 2.0, 3.0, 4.0, 1.0, 2.0, 4.0, 6.0, 3.0])
('Sarasota-Florida', 'OZONE', [6.0, 6.0, 5.0, 8.0, 8.0, 9.0, 12.0, 4.0, 11.0, 13.0, 8.0, 8.0, 11.0, 9.0, 10.0, 6.0, 7.0, 7.0, 9.0, 8.0, 11.0])
('Saratoga-New York', 'OZONE', [6.0, 6.0, 8.0, 7.0, 2.0, 2.0, 5.0, 1.0, 3.0, 4.0, 3.0, 2.0, 1.0, 5.0, 3.0, 8.0, 3.0, 7.0, 4.0, 5.0, 8.0])
('Schenectady-New York', 'OZONE', [5.0, 6.0, 2.0, 3.0, 2.0, 2.0, 0.0, 2.0, 2.0, 1.0, 0.0, 0.0, 1.0, 2.0, 1.0, 3.0, 0.0, 1.0, 2.0, 2.0, 0.0])
('Scott-Iowa', 'OZONE', [9.0, 7.0, 4.0, 8.0, 3.0, 4.0, 2.0, 4.0, 3.0, 6.0, 14.0, 13.0, 9.0, 14.0, 3.0, 8.0, 7.0, 12.0, 7.0, 11.0, 11.0])
('Sedgwick-Kansas', 'OZONE', [6.0, 5.0, 4.0, 4.0, 4.0, 4.0, 4.0, 0.0, 4.0, 5.0, 4.0, 3.0, 4.0, 3.0, 0.0, 8.0, 3.0, 1.0, 8.0, 1.0, 3.0])
('Seminole-Florida', 'OZONE', [3.0, 7.0, 11.0, 14.0, 10.0, 12.0, 7.0, 8.0, 0.0, 5.0, 9.0, 11.0, 4.0, 12.0, 7.0, 8.0, 15.0, 9.0, 11.0, 12.0, 10.0])
('Sevier-Tennessee', 'OZONE', [26.0, 4.0, 14.0, 12.0, 9.0, 8.0, 19.0, 9.0, 15.0, 9.0, 14.0, 23.0, 18.0, 25.0, 20.0, 17.0, 22.0, 19.0, 18.0, 19.0, 19.0])
('Shasta-California', 'OZONE', [3.0, 9.0, 0.0, 8.0, 0.0, 7.0, 3.0, 5.0, 4.0, 20.0, 9.0, 1.0, 1.0, 1.0, 2.0, 1.0, 1.0, 3.0, 1.0, 3.0, 3.0])
('Sheboygan-Wisconsin', 'OZONE', [2.0, 4.0, 7.0, 12.0, 15.0, 10.0, 9.0, 13.0, 14.0, 16.0, 14.0, 4.0, 11.0, 14.0, 18.0, 5.0, 13.0, 13.0, 11.0, 17.0, 14.0])
('Shelby-Alabama', 'OZONE', [0.0, 4.0, 2.0, 3.0, 0.0, 0.0, 3.0, 0.0, 4.0, 7.0, 8.0, 8.0, 6.0, 5.0, 8.0, 1.0, 13.0, 7.0, 3.0, 14.0, 8.0])
('Shelby-Tennessee', 'OZONE', [6.0, 3.0, 3.0, 3.0, 5.0, 7.0, 3.0, 2.0, 4.0, 10.0, 18.0, 13.0, 8.0, 13.0, 6.0, 3.0, 4.0, 4.0, 10.0, 8.0, 3.0])
('Siskiyou-California', 'OZONE', [3.0, 9.0, 3.0, 0.0, 0.0, 0.0, 0.0, 0.0, 0.0, 9.0, 1.0, 0.0, 11.0, 0.0, 0.0, 5.0, 1.0, 2.0, 1.0, 6.0, 3.0])
('Sonoma-California', 'OZONE', [0.0, 0.0, 0.0, 0.0, 0.0, 0.0, 1.0, 0.0, 2.0, 1.0, 1.0, 0.0, 0.0, 3.0, 1.0, 0.0, 0.0, 1.0, 0.0, 0.0, 2.0])
('St. Bernard-Louisiana', 'OZONE', [8.0, 4.0, 5.0, 3.0, 3.0, 7.0, 8.0, 5.0, 4.0, 7.0, 6.0, 3.0, 7.0, 6.0, 8.0, 7.0, 10.0, 8.0, 13.0, 8.0, 3.0])
('St. Clair-Michigan', 'OZONE', [6.0, 5.0, 3.0, 7.0, 3.0, 8.0, 8.0, 6.0, 0.0, 8.0, 10.0, 18.0, 1.0, 15.0, 15.0, 8.0, 6.0, 14.0, 8.0, 15.0, 13.0])
('St. Croix-Wisconsin', 'OZONE', [7.0, 9.0, 7.0, 7.0, 5.0, 8.0, 12.0, 9.0, 13.0, 2.0, 13.0, 16.0, 14.0, 6.0, 10.0, 17.0, 2.0, 7.0, 2.0, 6.0, 7.0])
('St. James-Louisiana', 'OZONE', [3.0, 2.0, 4.0, 1.0, 2.0, 2.0, 6.0, 3.0, 6.0, 4.0, 4.0, 6.0, 4.0, 4.0, 3.0, 5.0, 2.0, 2.0, 8.0, 4.0, 8.0])
('St. John the Baptist-Louisiana', 'OZONE', [2.0, 4.0, 8.0, 6.0, 0.0, 4.0, 8.0, 5.0, 3.0, 7.0, 4.0, 7.0, 6.0, 7.0, 7.0, 7.0, 9.0, 7.0, 10.0, 7.0, 7.0])
('St. Joseph-Indiana', 'OZONE', [4.0, 3.0, 3.0, 15.0, 11.0, 9.0, 10.0, 3.0, 8.0, 3.0, 15.0, 3.0, 3.0, 14.0, 8.0, 7.0, 10.0, 3.0, 7.0, 8.0, 8.0])
('St. Louis City-Missouri', 'OZONE', [0.0, 0.0, 0.0, 0.0, 0.0, 0.0, 3.0, 2.0, 6.0, 0.0, 0.0, 6.0, 0.0, 0.0, 0.0, 3.0, 0.0, 4.0, 1.0, 7.0, 8.0])
('Stark-Ohio', 'OZONE', [7.0, 7.0, 1.0, 7.0, 5.0, 3.0, 3.0, 0.0, 6.0, 8.0, 3.0, 14.0, 1.0, 2.0, 1.0, 10.0, 2.0, 5.0, 9.0, 14.0, 11.0])
('Suffolk-Massachusetts', 'OZONE', [2.0, 2.0, 0.0, 1.0, 2.0, 0.0, 3.0, 1.0, 1.0, 1.0, 0.0, 1.0, 0.0, 0.0, 0.0, 1.0, 0.0, 0.0, 0.0, 0.0, 2.0])
('Suffolk-New York', 'OZONE', [6.0, 3.0, 5.0, 5.0, 3.0, 3.0, 3.0, 2.0, 2.0, 1.0, 2.0, 1.0, 3.0, 1.0, 1.0, 1.0, 1.0, 3.0, 2.0, 3.0, 2.0])
('Suffolk City-Virginia', 'OZONE', [8.0, 7.0, 15.0, 6.0, 5.0, 5.0, 7.0, 12.0, 12.0, 10.0, 10.0, 14.0, 12.0, 17.0, 14.0, 12.0, 12.0, 3.0, 3.0, 14.0, 16.0])
('Sullivan-Tennessee', 'OZONE', [3.0, 2.0, 1.0, 9.0, 3.0, 10.0, 14.0, 11.0, 4.0, 5.0, 4.0, 3.0, 6.0, 13.0, 2.0, 1.0, 9.0, 0.0, 7.0, 15.0, 14.0])
('Summit-Ohio', 'OZONE', [1.0, 0.0, 1.0, 0.0, 4.0, 6.0, 8.0, 0.0, 8.0, 5.0, 4.0, 16.0, 1.0, 8.0, 2.0, 6.0, 3.0, 4.0, 9.0, 14.0, 15.0])
('Sumner-Tennessee', 'OZONE', [3.0, 1.0, 1.0, 1.0, 4.0, 2.0, 1.0, 3.0, 3.0, 9.0, 2.0, 2.0, 0.0, 6.0, 1.0, 1.0, 6.0, 11.0, 6.0, 3.0, 8.0])
('Sutter-California', 'OZONE', [0.0, 0.0, 0.0, 0.0, 0.0, 0.0, 2.0, 3.0, 2.0, 6.0, 1.0, 3.0, 2.0, 3.0, 3.0, 0.0, 1.0, 1.0, 3.0, 10.0, 2.0])
('Tarrant-Texas', 'OZONE', [0.0, 5.0, 5.0, 0.0, 3.0, 0.0, 1.0, 4.0, 6.0, 2.0, 0.0, 2.0, 2.0, 4.0, 0.0, 2.0, 0.0, 1.0, 2.0, 2.0, 0.0])
('Teton-Wyoming', 'OZONE', [19.0, 15.0, 16.0, 13.0, 13.0, 22.0, 21.0, 11.0, 19.0, 20.0, 27.0, 23.0, 20.0, 24.0, 25.0, 19.0, 19.0, 26.0, 25.0, 23.0, 21.0])
('Tolland-Connecticut', 'OZONE', [14.0, 13.0, 17.0, 14.0, 8.0, 9.0, 16.0, 9.0, 14.0, 19.0, 12.0, 17.0, 8.0, 17.0, 17.0, 16.0, 14.0, 16.0, 14.0, 13.0, 12.0])
('Travis-Texas', 'OZONE', [0.0, 0.0, 2.0, 0.0, 4.0, 3.0, 3.0, 4.0, 2.0, 3.0, 0.0, 4.0, 8.0, 3.0, 2.0, 3.0, 3.0, 2.0, 1.0, 5.0, 1.0])
('Tulsa-Oklahoma', 'OZONE', [5.0, 1.0, 4.0, 2.0, 3.0, 4.0, 3.0, 2.0, 3.0, 2.0, 1.0, 8.0, 1.0, 1.0, 0.0, 3.0, 3.0, 0.0, 7.0, 6.0, 7.0])
('Tuolumne-California', 'OZONE', [9.0, 9.0, 12.0, 10.0, 3.0, 7.0, 4.0, 8.0, 8.0, 7.0, 13.0, 12.0, 6.0, 10.0, 9.0, 7.0, 6.0, 4.0, 11.0, 15.0, 8.0])
('Ventura-California', 'OZONE', [5.0, 3.0, 7.0, 0.0, 3.0, 0.0, 1.0, 3.0, 0.0, 3.0, 2.0, 0.0, 0.0, 2.0, 5.0, 6.0, 1.0, 2.0, 5.0, 6.0, 3.0])
('Vigo-Indiana', 'OZONE', [6.0, 9.0, 6.0, 14.0, 7.0, 8.0, 8.0, 8.0, 19.0, 3.0, 19.0, 15.0, 3.0, 12.0, 6.0, 8.0, 11.0, 3.0, 9.0, 5.0, 5.0])
('Walworth-Wisconsin', 'OZONE', [4.0, 13.0, 4.0, 14.0, 8.0, 13.0, 15.0, 15.0, 14.0, 12.0, 3.0, 16.0, 14.0, 14.0, 15.0, 18.0, 11.0, 3.0, 14.0, 10.0, 14.0])
('Washington-Pennsylvania', 'OZONE', [3.0, 2.0, 2.0, 1.0, 0.0, 1.0, 4.0, 1.0, 5.0, 12.0, 3.0, 1.0, 0.0, 0.0, 3.0, 10.0, 1.0, 2.0, 12.0, 3.0, 12.0])
('Washington-Wisconsin', 'OZONE', [13.0, 17.0, 15.0, 15.0, 18.0, 14.0, 14.0, 14.0, 14.0, 15.0, 16.0, 18.0, 17.0, 15.0, 15.0, 17.0, 13.0, 6.0, 16.0, 16.0, 14.0])
('Washoe-Nevada', 'OZONE', [5.0, 1.0, 1.0, 1.0, 1.0, 0.0, 3.0, 3.0, 5.0, 1.0, 2.0, 4.0, 2.0, 2.0, 0.0, 1.0, 1.0, 1.0, 2.0, 3.0, 2.0])
('Washtenaw-Michigan', 'OZONE', [7.0, 6.0, 1.0, 3.0, 3.0, 3.0, 4.0, 10.0, 10.0, 11.0, 14.0, 19.0, 3.0, 7.0, 19.0, 12.0, 8.0, 5.0, 8.0, 11.0, 15.0])
('Waukesha-Wisconsin', 'OZONE', [10.0, 5.0, 13.0, 13.0, 13.0, 12.0, 8.0, 10.0, 12.0, 9.0, 7.0, 14.0, 10.0, 9.0, 6.0, 14.0, 3.0, 3.0, 12.0, 11.0, 7.0])
('Wayne-Michigan', 'OZONE', [1.0, 1.0, 0.0, 0.0, 3.0, 0.0, 4.0, 0.0, 3.0, 0.0, 5.0, 0.0, 1.0, 1.0, 8.0, 8.0, 3.0, 0.0, 0.0, 1.0, 12.0])
('Wayne-New York', 'OZONE', [11.0, 9.0, 6.0, 8.0, 5.0, 6.0, 7.0, 3.0, 3.0, 4.0, 10.0, 9.0, 7.0, 7.0, 4.0, 10.0, 7.0, 7.0, 12.0, 13.0, 8.0])
('Weber-Utah', 'OZONE', [24.0, 29.0, 26.0, 15.0, 26.0, 14.0, 16.0, 15.0, 18.0, 21.0, 19.0, 16.0, 14.0, 21.0, 23.0, 23.0, 15.0, 13.0, 16.0, 19.0, 3.0])
('Weld-Colorado', 'OZONE', [0.0, 1.0, 2.0, 0.0, 3.0, 0.0, 1.0, 1.0, 1.0, 1.0, 1.0, 0.0, 0.0, 1.0, 2.0, 1.0, 1.0, 6.0, 4.0, 7.0, 1.0])
('West Baton Rouge-Louisiana', 'OZONE', [8.0, 0.0, 2.0, 0.0, 2.0, 1.0, 4.0, 0.0, 2.0, 3.0, 2.0, 4.0, 5.0, 3.0, 8.0, 6.0, 6.0, 8.0, 8.0, 4.0, 1.0])
('Westchester-New York', 'OZONE', [2.0, 1.0, 2.0, 2.0, 1.0, 0.0, 3.0, 2.0, 1.0, 2.0, 1.0, 2.0, 2.0, 0.0, 3.0, 2.0, 1.0, 0.0, 0.0, 1.0, 3.0])
('Williamson-Tennessee', 'OZONE', [6.0, 6.0, 7.0, 8.0, 16.0, 8.0, 3.0, 1.0, 12.0, 17.0, 11.0, 15.0, 10.0, 5.0, 10.0, 1.0, 13.0, 0.0, 18.0, 14.0, 15.0])
('Wilson-Tennessee', 'OZONE', [11.0, 1.0, 1.0, 16.0, 3.0, 4.0, 2.0, 12.0, 6.0, 8.0, 6.0, 5.0, 1.0, 14.0, 5.0, 1.0, 8.0, 8.0, 18.0, 17.0, 10.0])
('Winnebago-Illinois', 'OZONE', [6.0, 3.0, 2.0, 3.0, 1.0, 3.0, 3.0, 2.0, 3.0, 2.0, 3.0, 2.0, 3.0, 1.0, 2.0, 1.0, 1.0, 2.0, 0.0, 3.0, 3.0])
('Worcester-Massachusetts', 'OZONE', [4.0, 2.0, 1.0, 8.0, 5.0, 10.0, 10.0, 8.0, 6.0, 3.0, 7.0, 18.0, 6.0, 7.0, 13.0, 19.0, 15.0, 14.0, 15.0, 8.0, 14.0])
('Wyandotte-Kansas', 'OZONE', [5.0, 5.0, 1.0, 0.0, 0.0, 0.0, 0.0, 2.0, 2.0, 3.0, 2.0, 2.0, 3.0, 3.0, 1.0, 1.0, 3.0, 1.0, 3.0, 6.0, 2.0])
('York-Maine', 'OZONE', [12.0, 14.0, 11.0, 14.0, 17.0, 11.0, 13.0, 1.0, 2.0, 13.0, 0.0, 0.0, 1.0, 9.0, 15.0, 13.0, 8.0, 9.0, 8.0, 4.0, 6.0])
('York-Pennsylvania', 'OZONE', [3.0, 2.0, 1.0, 2.0, 1.0, 1.0, 8.0, 6.0, 4.0, 0.0, 3.0, 5.0, 0.0, 9.0, 4.0, 3.0, 2.0, 4.0, 8.0, 12.0, 14.0])
('York-South Carolina', 'OZONE', [3.0, 2.0, 0.0, 0.0, 0.0, 0.0, 2.0, 11.0, 2.0, 0.0, 4.0, 8.0, 9.0, 8.0, 1.0, 6.0, 8.0, 3.0, 12.0, 6.0, 7.0])
