('Ada-Idaho', 'CO', [87.0, 56.0, 86.0, 44.0, 65.0, 36.0, 38.0, 42.0, 38.0, 30.0, 28.0, 24.0, 19.0, 33.0, 43.0, 64.0, 50.0, 40.0, 19.0, 24.0, 30.0])
('Adams-Colorado', 'CO', [63.0, 44.0, 56.0, 42.0, 49.0, 34.0, 39.0, 32.0, 41.0, 33.0, 28.0, 30.0, 26.0, 35.0, 23.0, 20.0, 23.0, 19.0, 24.0, 20.0, 23.0])
('Alexandria City-Virginia', 'CO', [49.0, 50.0, 42.0, 40.0, 45.0, 35.0, 30.0, 30.0, 34.0, 23.0, 19.0, 22.0, 18.0, 15.0, 16.0, 20.0, 16.0, 18.0, 47.0, 17.0, 30.0])
('Allegheny-Pennsylvania', 'CO', [66.0, 57.0, 44.0, 55.0, 47.0, 40.0, 39.0, 33.0, 40.0, 28.0, 26.0, 24.0, 42.0, 19.0, 17.0, 32.0, 30.0, 31.0, 18.0, 20.0, 34.0])
('Anchorage -Alaska', 'CO', [98.0, 126.0, 79.0, 101.0, 111.0, 78.0, 106.0, 71.0, 89.0, 87.0, 63.0, 71.0, 61.0, 70.0, 67.0, 75.0, 50.0, 72.0, 51.0, 38.0, 32.0])
('Bernalillo-New Mexico', 'CO', [97.0, 89.0, 75.0, 69.0, 56.0, 49.0, 49.0, 45.0, 42.0, 47.0, 49.0, 34.0, 41.0, 47.0, 28.0, 35.0, 25.0, 31.0, 13.0, 15.0, 16.0])
('Bronx-New York', 'CO', [42.0, 43.0, 52.0, 36.0, 52.0, 55.0, 42.0, 33.0, 25.0, 23.0, 28.0, 22.0, 23.0, 20.0, 28.0, 18.0, 32.0, 18.0, 17.0, 17.0, 18.0])
('Brooke-West Virginia', 'CO', [116.0, 42.0, 42.0, 54.0, 52.0, 87.0, 44.0, 60.0, 65.0, 42.0, 34.0, 91.0, 28.0, 33.0, 9.0, 9.0, 13.0, 9.0, 8.0, 9.0, 9.0])
('Broward-Florida', 'CO', [87.0, 58.0, 75.0, 44.0, 62.0, 47.0, 55.0, 63.0, 45.0, 45.0, 45.0, 32.0, 26.0, 28.0, 23.0, 20.0, 17.0, 30.0, 16.0, 30.0, 14.0])
('Butte-California', 'CO', [54.0, 67.0, 57.0, 51.0, 60.0, 45.0, 49.0, 40.0, 28.0, 33.0, 31.0, 31.0, 25.0, 31.0, 27.0, 20.0, 24.0, 19.0, 17.0, 23.0, 15.0])
('Camden-New Jersey', 'CO', [47.0, 66.0, 40.0, 38.0, 44.0, 51.0, 56.0, 31.0, 20.0, 38.0, 38.0, 25.0, 24.0, 50.0, 5.0, 6.0, 5.0, 19.0, 16.0, 17.0, 19.0])
('Cameron-Texas', 'CO', [31.0, 26.0, 41.0, 38.0, 31.0, 20.0, 19.0, 28.0, 24.0, 32.0, 25.0, 15.0, 13.0, 14.0, 13.0, 9.0, 13.0, 8.0, 11.0, 9.0, 13.0])
('Contra Costa-California', 'CO', [33.0, 33.0, 36.0, 43.0, 38.0, 31.0, 31.0, 28.0, 23.0, 23.0, 19.0, 22.0, 17.0, 16.0, 13.0, 11.0, 14.0, 10.0, 11.0, 13.0, 15.0])
('Cook-Illinois', 'CO', [57.0, 62.0, 60.0, 57.0, 57.0, 52.0, 53.0, 49.0, 40.0, 42.0, 33.0, 34.0, 22.0, 26.0, 32.0, 23.0, 23.0, 20.0, 8.0, 10.0, 9.0])
('Dakota-Minnesota', 'CO', [15.0, 16.0, 13.0, 14.0, 11.0, 18.0, 13.0, 11.0, 13.0, 9.0, 6.0, 9.0, 13.0, 5.0, 17.0, 19.0, 8.0, 13.0, 35.0, 11.0, 10.0])
('Dallas-Texas', 'CO', [69.0, 66.0, 53.0, 64.0, 39.0, 28.0, 28.0, 30.0, 26.0, 26.0, 42.0, 23.0, 17.0, 23.0, 22.0, 19.0, 15.0, 19.0, 19.0, 17.0, 19.0])
('Davidson-Tennessee', 'CO', [82.0, 64.0, 70.0, 76.0, 69.0, 62.0, 72.0, 63.0, 49.0, 48.0, 40.0, 36.0, 27.0, 27.0, 19.0, 26.0, 18.0, 19.0, 15.0, 15.0, 18.0])
('Denver-Colorado', 'CO', [126.0, 98.0, 76.0, 64.0, 101.0, 91.0, 52.0, 44.0, 69.0, 50.0, 33.0, 39.0, 36.0, 43.0, 28.0, 35.0, 22.0, 31.0, 50.0, 28.0, 27.0])
('Duval-Florida', 'CO', [58.0, 55.0, 43.0, 51.0, 56.0, 63.0, 40.0, 32.0, 34.0, 32.0, 34.0, 26.0, 24.0, 18.0, 19.0, 24.0, 44.0, 22.0, 17.0, 20.0, 17.0])
('East Baton Rouge-Louisiana', 'CO', [51.0, 54.0, 71.0, 50.0, 52.0, 48.0, 62.0, 55.0, 35.0, 38.0, 25.0, 39.0, 20.0, 22.0, 14.0, 26.0, 17.0, 22.0, 23.0, 47.0, 19.0])
('El Paso-Texas', 'CO', [96.0, 118.0, 166.0, 140.0, 96.0, 148.0, 104.0, 82.0, 72.0, 71.0, 68.0, 55.0, 43.0, 55.0, 49.0, 38.0, 32.0, 50.0, 32.0, 32.0, 34.0])
('Erie-New York', 'CO', [43.0, 44.0, 47.0, 41.0, 28.0, 27.0, 26.0, 33.0, 30.0, 18.0, 19.0, 34.0, 16.0, 13.0, 13.0, 16.0, 17.0, 15.0, 20.0, 15.0, 19.0])
('Fairbanks North Star -Alaska', 'CO', [197.0, 106.0, 165.0, 128.0, 130.0, 135.0, 77.0, 82.0, 70.0, 67.0, 55.0, 45.0, 39.0, 41.0, 38.0, 56.0, 48.0, 45.0, 41.0, 36.0, 43.0])
('Forsyth-North Carolina', 'CO', [83.0, 51.0, 55.0, 61.0, 41.0, 45.0, 48.0, 48.0, 51.0, 36.0, 33.0, 31.0, 23.0, 26.0, 20.0, 22.0, 26.0, 15.0, 20.0, 18.0, 16.0])
('Fresno-California', 'CO', [97.0, 74.0, 81.0, 86.0, 83.0, 68.0, 52.0, 51.0, 47.0, 32.0, 34.0, 38.0, 30.0, 26.0, 24.0, 23.0, 26.0, 27.0, 28.0, 27.0, 20.0])
('Fulton-Georgia', 'CO', [77.0, 44.0, 49.0, 35.0, 36.0, 32.0, 41.0, 27.0, 31.0, 28.0, 22.0, 20.0, 17.0, 16.0, 23.0, 16.0, 15.0, 13.0, 15.0, 20.0, 23.0])
('Hampden-Massachusetts', 'CO', [98.0, 101.0, 67.0, 56.0, 62.0, 50.0, 44.0, 48.0, 35.0, 47.0, 33.0, 31.0, 20.0, 34.0, 22.0, 20.0, 45.0, 19.0, 16.0, 10.0, 15.0])
('Hancock-West Virginia', 'CO', [67.0, 79.0, 115.0, 186.0, 69.0, 126.0, 88.0, 156.0, 113.0, 208.0, 50.0, 48.0, 19.0, 26.0, 13.0, 10.0, 11.0, 13.0, 17.0, 10.0, 8.0])
('Harris-Texas', 'CO', [75.0, 82.0, 81.0, 62.0, 58.0, 52.0, 56.0, 40.0, 55.0, 36.0, 35.0, 35.0, 38.0, 65.0, 26.0, 20.0, 25.0, 22.0, 26.0, 28.0, 24.0])
('Hartford-Connecticut', 'CO', [111.0, 64.0, 67.0, 85.0, 62.0, 91.0, 67.0, 65.0, 63.0, 63.0, 60.0, 50.0, 39.0, 42.0, 30.0, 25.0, 27.0, 45.0, 22.0, 17.0, 17.0])
('Hillsborough-Florida', 'CO', [62.0, 65.0, 43.0, 47.0, 59.0, 39.0, 35.0, 51.0, 41.0, 33.0, 40.0, 33.0, 28.0, 23.0, 11.0, 10.0, 6.0, 13.0, 9.0, 13.0, 9.0])
('Hillsborough-New Hampshire', 'CO', [135.0, 168.0, 60.0, 61.0, 66.0, 52.0, 45.0, 44.0, 60.0, 45.0, 38.0, 64.0, 26.0, 50.0, 26.0, 27.0, 28.0, 19.0, 5.0, 5.0, 5.0])
('Hudson-New Jersey', 'CO', [118.0, 74.0, 91.0, 66.0, 70.0, 61.0, 36.0, 41.0, 34.0, 36.0, 34.0, 31.0, 24.0, 20.0, 23.0, 19.0, 34.0, 35.0, 25.0, 26.0, 18.0])
('Imperial-California', 'CO', [250.0, 245.0, 216.0, 183.0, 217.0, 201.0, 148.0, 136.0, 94.0, 115.0, 96.0, 106.0, 81.0, 69.0, 81.0, 51.0, 67.0, 55.0, 56.0, 43.0, 45.0])
('King-Washington', 'CO', [104.0, 93.0, 92.0, 75.0, 76.0, 69.0, 71.0, 62.0, 77.0, 39.0, 45.0, 42.0, 31.0, 26.0, 32.0, 9.0, 10.0, 8.0, 16.0, 23.0, 20.0])
('Lackawanna-Pennsylvania', 'CO', [34.0, 49.0, 34.0, 22.0, 27.0, 27.0, 24.0, 22.0, 20.0, 20.0, 17.0, 18.0, 20.0, 14.0, 9.0, 10.0, 9.0, 10.0, 16.0, 11.0, 16.0])
('Lake-Indiana', 'CO', [59.0, 56.0, 44.0, 59.0, 35.0, 36.0, 39.0, 36.0, 57.0, 32.0, 26.0, 36.0, 35.0, 38.0, 27.0, 38.0, 26.0, 22.0, 17.0, 24.0, 24.0])
('Lake-Ohio', 'CO', [27.0, 23.0, 26.0, 23.0, 17.0, 17.0, 18.0, 27.0, 31.0, 15.0, 18.0, 17.0, 19.0, 30.0, 11.0, 17.0, 15.0, 11.0, 17.0, 10.0, 13.0])
('Los Angeles-California', 'CO', [173.0, 214.0, 212.0, 165.0, 130.0, 111.0, 82.0, 111.0, 79.0, 71.0, 65.0, 68.0, 59.0, 49.0, 52.0, 41.0, 53.0, 45.0, 40.0, 43.0, 38.0])
('Marin-California', 'CO', [36.0, 45.0, 30.0, 38.0, 33.0, 26.0, 27.0, 22.0, 23.0, 23.0, 19.0, 17.0, 15.0, 13.0, 14.0, 13.0, 11.0, 13.0, 13.0, 13.0, 10.0])
('Marion-Indiana', 'CO', [54.0, 38.0, 45.0, 36.0, 33.0, 44.0, 35.0, 89.0, 35.0, 32.0, 31.0, 26.0, 49.0, 36.0, 34.0, 42.0, 35.0, 27.0, 31.0, 55.0, 28.0])
('Mecklenburg-North Carolina', 'CO', [65.0, 59.0, 84.0, 62.0, 53.0, 55.0, 49.0, 51.0, 34.0, 36.0, 31.0, 26.0, 30.0, 22.0, 23.0, 23.0, 20.0, 18.0, 22.0, 17.0, 16.0])
('Miami-Dade-Florida', 'CO', [76.0, 57.0, 50.0, 42.0, 58.0, 54.0, 53.0, 40.0, 41.0, 70.0, 32.0, 26.0, 24.0, 27.0, 26.0, 17.0, 22.0, 19.0, 14.0, 20.0, 17.0])
('Monroe-New York', 'CO', [42.0, 47.0, 25.0, 39.0, 42.0, 38.0, 26.0, 43.0, 25.0, 19.0, 24.0, 20.0, 14.0, 13.0, 15.0, 16.0, 11.0, 10.0, 10.0, 8.0, 9.0])
('Monterey-California', 'CO', [20.0, 30.0, 20.0, 25.0, 20.0, 16.0, 18.0, 16.0, 13.0, 14.0, 10.0, 11.0, 14.0, 10.0, 10.0, 9.0, 11.0, 16.0, 14.0, 13.0, 10.0])
('Montgomery-Ohio', 'CO', [47.0, 39.0, 48.0, 41.0, 35.0, 42.0, 34.0, 24.0, 35.0, 40.0, 20.0, 30.0, 28.0, 18.0, 19.0, 20.0, 33.0, 18.0, 14.0, 13.0, 16.0])
('Napa-California', 'CO', [40.0, 43.0, 44.0, 44.0, 48.0, 32.0, 34.0, 27.0, 28.0, 23.0, 23.0, 32.0, 23.0, 20.0, 16.0, 16.0, 20.0, 17.0, 19.0, 16.0, 18.0])
('New Haven-Connecticut', 'CO', [51.0, 34.0, 48.0, 41.0, 38.0, 38.0, 31.0, 30.0, 24.0, 23.0, 22.0, 25.0, 18.0, 22.0, 17.0, 18.0, 18.0, 15.0, 18.0, 16.0, 15.0])
('New York-New York', 'CO', [89.0, 70.0, 68.0, 70.0, 61.0, 52.0, 42.0, 39.0, 38.0, 33.0, 18.0, 22.0, 17.0, 16.0, 23.0, 20.0, 23.0, 15.0, 17.0, 18.0, 20.0])
('Oklahoma-Oklahoma', 'CO', [100.0, 98.0, 68.0, 52.0, 52.0, 49.0, 49.0, 39.0, 32.0, 27.0, 27.0, 24.0, 27.0, 14.0, 17.0, 13.0, 13.0, 8.0, 10.0, 8.0, 23.0])
('Orange-California', 'CO', [86.0, 80.0, 65.0, 77.0, 70.0, 73.0, 53.0, 59.0, 65.0, 47.0, 38.0, 34.0, 35.0, 39.0, 31.0, 24.0, 25.0, 27.0, 30.0, 24.0, 26.0])
('Orange-Florida', 'CO', [74.0, 74.0, 61.0, 45.0, 41.0, 53.0, 27.0, 33.0, 23.0, 22.0, 58.0, 19.0, 26.0, 11.0, 18.0, 17.0, 16.0, 14.0, 11.0, 19.0, 15.0])
('Philadelphia-Pennsylvania', 'CO', [75.0, 81.0, 60.0, 58.0, 74.0, 51.0, 70.0, 41.0, 44.0, 41.0, 52.0, 36.0, 61.0, 19.0, 32.0, 27.0, 25.0, 22.0, 19.0, 18.0, 19.0])
('Pinellas-Florida', 'CO', [40.0, 32.0, 43.0, 45.0, 30.0, 31.0, 31.0, 31.0, 27.0, 20.0, 20.0, 19.0, 44.0, 14.0, 16.0, 13.0, 11.0, 17.0, 10.0, 11.0, 7.0])
('Providence-Rhode Island', 'CO', [83.0, 54.0, 70.0, 56.0, 56.0, 52.0, 45.0, 35.0, 28.0, 28.0, 39.0, 43.0, 33.0, 11.0, 16.0, 20.0, 16.0, 15.0, 15.0, 22.0, 28.0])
('Pulaski-Arkansas', 'CO', [56.0, 45.0, 75.0, 168.0, 48.0, 33.0, 30.0, 59.0, 27.0, 22.0, 24.0, 30.0, 31.0, 20.0, 17.0, 19.0, 17.0, 18.0, 14.0, 14.0, 11.0])
('Riverside-California', 'CO', [69.0, 59.0, 62.0, 54.0, 50.0, 48.0, 51.0, 43.0, 42.0, 34.0, 28.0, 27.0, 33.0, 22.0, 28.0, 23.0, 22.0, 22.0, 23.0, 27.0, 19.0])
('Rutland-Vermont', 'CO', [56.0, 49.0, 41.0, 28.0, 27.0, 31.0, 27.0, 26.0, 25.0, 24.0, 20.0, 17.0, 30.0, 24.0, 17.0, 15.0, 20.0, 20.0, 16.0, 11.0, 16.0])
('Sacramento-California', 'CO', [80.0, 78.0, 78.0, 77.0, 72.0, 69.0, 59.0, 49.0, 51.0, 47.0, 48.0, 48.0, 62.0, 32.0, 32.0, 22.0, 32.0, 27.0, 27.0, 24.0, 23.0])
('Salt Lake-Utah', 'CO', [65.0, 82.0, 79.0, 73.0, 64.0, 63.0, 53.0, 49.0, 58.0, 45.0, 49.0, 36.0, 42.0, 27.0, 27.0, 25.0, 19.0, 31.0, 22.0, 22.0, 20.0])
('San Bernardino-California', 'CO', [69.0, 81.0, 65.0, 53.0, 47.0, 47.0, 38.0, 36.0, 51.0, 39.0, 28.0, 25.0, 26.0, 19.0, 23.0, 26.0, 19.0, 20.0, 19.0, 30.0, 57.0])
('San Diego-California', 'CO', [69.0, 77.0, 60.0, 54.0, 66.0, 65.0, 57.0, 53.0, 120.0, 47.0, 53.0, 41.0, 58.0, 40.0, 39.0, 28.0, 27.0, 43.0, 76.0, 35.0, 23.0])
('San Francisco-California', 'CO', [59.0, 62.0, 63.0, 45.0, 52.0, 36.0, 38.0, 30.0, 41.0, 31.0, 35.0, 24.0, 18.0, 26.0, 33.0, 16.0, 14.0, 14.0, 16.0, 14.0, 15.0])
('San Joaquin-California', 'CO', [68.0, 82.0, 48.0, 85.0, 84.0, 72.0, 66.0, 36.0, 35.0, 28.0, 33.0, 26.0, 26.0, 22.0, 26.0, 18.0, 24.0, 20.0, 20.0, 24.0, 17.0])
('Santa Barbara-California', 'CO', [64.0, 55.0, 47.0, 52.0, 48.0, 35.0, 22.0, 20.0, 26.0, 22.0, 19.0, 20.0, 16.0, 19.0, 18.0, 13.0, 22.0, 13.0, 13.0, 18.0, 14.0])
('Santa Clara-California', 'CO', [64.0, 76.0, 67.0, 69.0, 69.0, 76.0, 57.0, 51.0, 45.0, 34.0, 35.0, 33.0, 31.0, 28.0, 28.0, 25.0, 25.0, 22.0, 28.0, 22.0, 23.0])
('Solano-California', 'CO', [59.0, 55.0, 55.0, 59.0, 61.0, 57.0, 47.0, 44.0, 33.0, 39.0, 35.0, 33.0, 31.0, 26.0, 25.0, 22.0, 27.0, 25.0, 26.0, 24.0, 22.0])
('Sonoma-California', 'CO', [32.0, 34.0, 38.0, 36.0, 40.0, 35.0, 27.0, 24.0, 20.0, 18.0, 23.0, 19.0, 19.0, 17.0, 15.0, 13.0, 14.0, 17.0, 14.0, 10.0, 10.0])
('Spokane-Washington', 'CO', [161.0, 109.0, 79.0, 83.0, 79.0, 75.0, 59.0, 65.0, 56.0, 51.0, 58.0, 52.0, 35.0, 31.0, 34.0, 26.0, 28.0, 24.0, 27.0, 25.0, 33.0])
('Stanislaus-California', 'CO', [63.0, 71.0, 56.0, 79.0, 70.0, 66.0, 66.0, 51.0, 43.0, 34.0, 33.0, 42.0, 36.0, 22.0, 27.0, 20.0, 31.0, 24.0, 24.0, 19.0, 23.0])
('Stark-Ohio', 'CO', [47.0, 31.0, 34.0, 49.0, 32.0, 31.0, 32.0, 33.0, 32.0, 33.0, 36.0, 31.0, 20.0, 30.0, 16.0, 17.0, 20.0, 18.0, 11.0, 14.0, 17.0])
('Sullivan-Tennessee', 'CO', [39.0, 39.0, 42.0, 40.0, 36.0, 26.0, 24.0, 22.0, 27.0, 25.0, 15.0, 17.0, 19.0, 11.0, 14.0, 11.0, 13.0, 11.0, 11.0, 15.0, 14.0])
('Summit-Ohio', 'CO', [45.0, 40.0, 39.0, 40.0, 35.0, 39.0, 36.0, 25.0, 33.0, 26.0, 22.0, 20.0, 18.0, 16.0, 40.0, 20.0, 17.0, 15.0, 11.0, 9.0, 30.0])
('Tarrant-Texas', 'CO', [42.0, 40.0, 35.0, 30.0, 35.0, 35.0, 30.0, 25.0, 24.0, 23.0, 39.0, 22.0, 15.0, 17.0, 14.0, 15.0, 14.0, 15.0, 13.0, 10.0, 13.0])
('Tulsa-Oklahoma', 'CO', [53.0, 78.0, 94.0, 56.0, 45.0, 44.0, 62.0, 36.0, 35.0, 24.0, 17.0, 20.0, 25.0, 16.0, 18.0, 25.0, 16.0, 14.0, 15.0, 11.0, 14.0])
('Utah-Utah', 'CO', [82.0, 113.0, 72.0, 75.0, 75.0, 72.0, 81.0, 60.0, 47.0, 41.0, 36.0, 42.0, 32.0, 23.0, 31.0, 23.0, 23.0, 23.0, 27.0, 22.0, 25.0])
('Vanderburgh-Indiana', 'CO', [47.0, 58.0, 63.0, 56.0, 50.0, 35.0, 48.0, 36.0, 33.0, 31.0, 28.0, 26.0, 22.0, 17.0, 24.0, 50.0, 70.0, 63.0, 61.0, 50.0, 16.0])
('Wake-North Carolina', 'CO', [93.0, 62.0, 75.0, 61.0, 62.0, 60.0, 42.0, 36.0, 38.0, 32.0, 28.0, 30.0, 25.0, 27.0, 18.0, 20.0, 17.0, 16.0, 15.0, 14.0, 15.0])
('Washington-Pennsylvania', 'CO', [38.0, 28.0, 19.0, 27.0, 19.0, 14.0, 14.0, 15.0, 13.0, 18.0, 13.0, 14.0, 18.0, 14.0, 8.0, 10.0, 14.0, 17.0, 10.0, 9.0, 14.0])
('Weber-Utah', 'CO', [85.0, 81.0, 82.0, 84.0, 70.0, 78.0, 68.0, 51.0, 47.0, 72.0, 59.0, 61.0, 108.0, 94.0, 66.0, 27.0, 20.0, 23.0, 32.0, 30.0, 24.0])
('Weld-Colorado', 'CO', [63.0, 81.0, 59.0, 54.0, 45.0, 52.0, 47.0, 60.0, 39.0, 54.0, 34.0, 39.0, 28.0, 26.0, 26.0, 28.0, 23.0, 26.0, 19.0, 19.0, 32.0])
('Wyandotte-Kansas', 'CO', [48.0, 31.0, 30.0, 49.0, 60.0, 57.0, 47.0, 32.0, 34.0, 39.0, 36.0, 25.0, 27.0, 20.0, 18.0, 18.0, 18.0, 23.0, 19.0, 13.0, 14.0])
