('Ada-Idaho', 'CO', [7.0, 7.0, 8.0, 8.0, 8.0, 5.0, 6.0, 6.0, 6.0, 6.0, 5.0, 3.0, 0.0, 2.0, 0.0, 1.0, 0.0, 0.0, 0.0, 1.0, 1.0])
('Adams-Colorado', 'CO', [2.0, 2.0, 2.0, 2.0, 2.0, 2.0, 2.0, 2.0, 2.0, 2.0, 3.0, 2.0, 2.0, 2.0, 1.0, 1.0, 1.0, 1.0, 1.0, 2.0, 2.0])
('Alexandria City-Virginia', 'CO', [1.0, 0.0, 0.0, 0.0, 0.0, 0.0, 0.0, 0.0, 0.0, 0.0, 0.0, 0.0, 0.0, 0.0, 0.0, 0.0, 0.0, 0.0, 0.0, 0.0, 0.0])
('Allegheny-Pennsylvania', 'CO', [0.0, 0.0, 0.0, 0.0, 0.0, 0.0, 0.0, 0.0, 0.0, 0.0, 0.0, 0.0, 0.0, 0.0, 0.0, 0.0, 0.0, 0.0, 0.0, 1.0, 0.0])
('Anchorage -Alaska', 'CO', [2.0, 0.0, 0.0, 0.0, 2.0, 2.0, 3.0, 2.0, 0.0, 2.0, 0.0, 0.0, 0.0, 1.0, 2.0, 1.0, 0.0, 1.0, 1.0, 2.0, 2.0])
('Bernalillo-New Mexico', 'CO', [0.0, 0.0, 0.0, 0.0, 0.0, 2.0, 0.0, 0.0, 0.0, 0.0, 0.0, 0.0, 0.0, 0.0, 0.0, 0.0, 0.0, 0.0, 0.0, 0.0, 1.0])
('Bronx-New York', 'CO', [3.0, 3.0, 1.0, 5.0, 5.0, 5.0, 2.0, 5.0, 3.0, 0.0, 1.0, 2.0, 3.0, 3.0, 2.0, 1.0, 2.0, 2.0, 1.0, 1.0, 0.0])
('Brooke-West Virginia', 'CO', [3.0, 3.0, 3.0, 3.0, 3.0, 3.0, 3.0, 3.0, 3.0, 3.0, 3.0, 3.0, 3.0, 3.0, 3.0, 3.0, 3.0, 3.0, 1.0, 1.0, 0.0])
('Broward-Florida', 'CO', [0.0, 1.0, 2.0, 2.0, 1.0, 0.0, 0.0, 0.0, 0.0, 0.0, 0.0, 0.0, 1.0, 0.0, 1.0, 1.0, 1.0, 0.0, 0.0, 0.0, 0.0])
('Butte-California', 'CO', [2.0, 0.0, 1.0, 1.0, 0.0, 0.0, 1.0, 1.0, 2.0, 2.0, 2.0, 2.0, 1.0, 2.0, 1.0, 1.0, 1.0, 0.0, 1.0, 1.0, 1.0])
('Camden-New Jersey', 'CO', [1.0, 2.0, 2.0, 1.0, 2.0, 1.0, 1.0, 1.0, 1.0, 1.0, 1.0, 0.0, 0.0, 0.0, 0.0, 0.0, 0.0, 0.0, 0.0, 0.0, 0.0])
('Cameron-Texas', 'CO', [0.0, 3.0, 0.0, 1.0, 0.0, 0.0, 2.0, 2.0, 3.0, 2.0, 1.0, 2.0, 0.0, 0.0, 0.0, 0.0, 1.0, 0.0, 0.0, 0.0, 0.0])
('Contra Costa-California', 'CO', [2.0, 1.0, 2.0, 2.0, 1.0, 0.0, 1.0, 0.0, 1.0, 1.0, 0.0, 2.0, 0.0, 0.0, 1.0, 1.0, 1.0, 1.0, 1.0, 0.0, 1.0])
('Cook-Illinois', 'CO', [2.0, 2.0, 2.0, 2.0, 3.0, 2.0, 1.0, 2.0, 1.0, 2.0, 1.0, 1.0, 1.0, 0.0, 0.0, 1.0, 0.0, 1.0, 1.0, 1.0, 0.0])
('Dakota-Minnesota', 'CO', [0.0, 0.0, 0.0, 0.0, 0.0, 0.0, 0.0, 0.0, 0.0, 0.0, 0.0, 0.0, 0.0, 0.0, 0.0, 0.0, 0.0, 0.0, 0.0, 0.0, 0.0])
('Dallas-Texas', 'CO', [0.0, 0.0, 0.0, 0.0, 1.0, 0.0, 1.0, 1.0, 1.0, 2.0, 1.0, 0.0, 0.0, 0.0, 2.0, 0.0, 1.0, 1.0, 1.0, 0.0, 1.0])
('Davidson-Tennessee', 'CO', [6.0, 6.0, 1.0, 1.0, 1.0, 1.0, 1.0, 1.0, 1.0, 2.0, 1.0, 2.0, 1.0, 1.0, 1.0, 1.0, 1.0, 1.0, 1.0, 2.0, 2.0])
('DeKalb-Georgia', 'CO', [3.0, 3.0, 3.0, 5.0, 0.0, 0.0, 2.0, 1.0, 0.0, 1.0, 0.0, 2.0, 0.0, 0.0, 2.0, 2.0, 2.0, 2.0, 2.0, 2.0])
('Duval-Florida', 'CO', [0.0, 0.0, 0.0, 0.0, 0.0, 0.0, 0.0, 0.0, 0.0, 0.0, 0.0, 0.0, 0.0, 0.0, 0.0, 0.0, 0.0, 0.0, 0.0, 0.0, 0.0])
('East Baton Rouge-Louisiana', 'CO', [0.0, 0.0, 2.0, 2.0, 0.0, 0.0, 3.0, 0.0, 3.0, 0.0, 0.0, 0.0, 0.0, 0.0, 1.0, 1.0, 1.0, 0.0, 1.0, 0.0, 1.0])
('El Paso-Texas', 'CO', [0.0, 1.0, 0.0, 0.0, 0.0, 0.0, 0.0, 0.0, 0.0, 0.0, 0.0, 0.0, 0.0, 0.0, 0.0, 0.0, 0.0, 0.0, 0.0, 0.0, 0.0])
('Erie-New York', 'CO', [2.0, 1.0, 2.0, 1.0, 2.0, 2.0, 2.0, 2.0, 3.0, 0.0, 1.0, 0.0, 1.0, 0.0, 1.0, 1.0, 0.0, 0.0, 0.0, 0.0, 0.0])
('Erie-Pennsylvania', 'CO', [6.0, 0.0, 2.0, 0.0, 0.0, 0.0, 2.0, 0.0, 0.0, 0.0, 0.0, 2.0, 0.0, 2.0, 0.0, 0.0, 0.0, 0.0, 0.0, 0.0])
('Forsyth-North Carolina', 'CO', [3.0, 2.0, 2.0, 3.0, 2.0, 0.0, 3.0, 3.0, 3.0, 3.0, 5.0, 1.0, 1.0, 2.0, 1.0, 1.0, 2.0, 0.0, 2.0, 1.0, 0.0])
('Fresno-California', 'CO', [0.0, 2.0, 2.0, 2.0, 2.0, 1.0, 0.0, 0.0, 0.0, 1.0, 0.0, 0.0, 0.0, 0.0, 1.0, 0.0, 1.0, 1.0, 0.0, 1.0, 1.0])
('Fulton-Georgia', 'CO', [3.0, 3.0, 3.0, 3.0, 1.0, 0.0, 2.0, 0.0, 1.0, 1.0, 2.0, 2.0, 3.0, 0.0, 0.0, 1.0, 1.0, 0.0, 2.0, 0.0, 0.0])
('Hampden-Massachusetts', 'CO', [1.0, 0.0, 3.0, 2.0, 3.0, 1.0, 1.0, 1.0, 2.0, 1.0, 0.0, 1.0, 0.0, 0.0, 0.0, 0.0, 0.0, 0.0, 0.0, 0.0, 0.0])
('Hancock-West Virginia', 'CO', [3.0, 3.0, 3.0, 3.0, 3.0, 3.0, 3.0, 3.0, 3.0, 3.0, 3.0, 3.0, 3.0, 3.0, 3.0, 3.0, 3.0, 3.0, 0.0, 0.0, 0.0])
('Harris-Texas', 'CO', [0.0, 0.0, 0.0, 0.0, 0.0, 0.0, 0.0, 0.0, 0.0, 0.0, 0.0, 0.0, 0.0, 0.0, 0.0, 0.0, 0.0, 0.0, 0.0, 0.0, 0.0])
('Hartford-Connecticut', 'CO', [5.0, 5.0, 3.0, 3.0, 2.0, 1.0, 2.0, 2.0, 0.0, 2.0, 1.0, 2.0, 1.0, 1.0, 2.0, 2.0, 1.0, 1.0, 1.0, 1.0, 1.0])
('Hillsborough-Florida', 'CO', [2.0, 2.0, 3.0, 1.0, 2.0, 2.0, 3.0, 3.0, 2.0, 1.0, 0.0, 1.0, 1.0, 1.0, 1.0, 1.0, 1.0, 1.0, 1.0, 1.0, 1.0])
('Hillsborough-New Hampshire', 'CO', [0.0, 0.0, 0.0, 0.0, 0.0, 0.0, 0.0, 0.0, 0.0, 0.0, 1.0, 0.0, 1.0, 1.0, 0.0, 2.0, 0.0, 0.0, 0.0, 1.0, 1.0])
('Hudson-New Jersey', 'CO', [6.0, 6.0, 6.0, 7.0, 6.0, 5.0, 1.0, 1.0, 6.0, 5.0, 7.0, 5.0, 3.0, 3.0, 1.0, 2.0, 1.0, 2.0, 2.0, 2.0, 2.0])
('Imperial-California', 'CO', [1.0, 0.0, 0.0, 0.0, 0.0, 0.0, 0.0, 0.0, 0.0, 0.0, 0.0, 0.0, 0.0, 0.0, 0.0, 0.0, 0.0, 0.0, 0.0, 0.0, 0.0])
('King-Washington', 'CO', [6.0, 2.0, 5.0, 1.0, 3.0, 2.0, 0.0, 1.0, 1.0, 2.0, 3.0, 2.0, 2.0, 1.0, 0.0, 2.0, 1.0, 1.0, 1.0, 1.0, 1.0])
('Lackawanna-Pennsylvania', 'CO', [0.0, 1.0, 0.0, 0.0, 0.0, 0.0, 0.0, 0.0, 0.0, 0.0, 0.0, 0.0, 0.0, 0.0, 0.0, 0.0, 0.0, 0.0, 0.0, 0.0, 0.0])
('Lake-Indiana', 'CO', [3.0, 3.0, 3.0, 3.0, 3.0, 3.0, 3.0, 3.0, 3.0, 3.0, 5.0, 3.0, 3.0, 3.0, 2.0, 5.0, 0.0, 3.0, 0.0, 1.0, 0.0])
('Lake-Ohio', 'CO', [3.0, 3.0, 1.0, 3.0, 0.0, 0.0, 0.0, 2.0, 3.0, 2.0, 1.0, 2.0, 2.0, 2.0, 1.0, 1.0, 1.0, 2.0, 2.0, 2.0, 1.0])
('Los Angeles-California', 'CO', [0.0, 0.0, 0.0, 0.0, 0.0, 0.0, 0.0, 0.0, 0.0, 0.0, 0.0, 0.0, 0.0, 0.0, 0.0, 0.0, 0.0, 0.0, 0.0, 0.0, 0.0])
('Marin-California', 'CO', [3.0, 3.0, 0.0, 5.0, 3.0, 1.0, 3.0, 3.0, 5.0, 3.0, 2.0, 3.0, 2.0, 2.0, 2.0, 2.0, 2.0, 2.0, 2.0, 2.0, 0.0])
('Marion-Indiana', 'CO', [2.0, 3.0, 3.0, 3.0, 3.0, 3.0, 3.0, 3.0, 3.0, 3.0, 3.0, 0.0, 2.0, 1.0, 0.0, 0.0, 0.0, 0.0, 1.0, 0.0, 0.0])
('Mecklenburg-North Carolina', 'CO', [2.0, 3.0, 3.0, 3.0, 3.0, 2.0, 3.0, 2.0, 3.0, 2.0, 0.0, 2.0, 2.0, 1.0, 1.0, 1.0, 1.0, 0.0, 0.0, 0.0, 1.0])
('Miami-Dade-Florida', 'CO', [0.0, 0.0, 1.0, 2.0, 3.0, 2.0, 2.0, 1.0, 2.0, 1.0, 0.0, 0.0, 0.0, 0.0, 1.0, 0.0, 0.0, 0.0, 0.0, 0.0, 0.0])
('Monroe-New York', 'CO', [2.0, 1.0, 1.0, 0.0, 1.0, 1.0, 1.0, 2.0, 1.0, 1.0, 1.0, 2.0, 1.0, 0.0, 0.0, 2.0, 0.0, 1.0, 1.0, 0.0, 1.0])
('Monterey-California', 'CO', [0.0, 1.0, 3.0, 0.0, 0.0, 2.0, 2.0, 1.0, 2.0, 0.0, 1.0, 3.0, 2.0, 2.0, 3.0, 2.0, 2.0, 1.0, 2.0, 2.0, 2.0])
('Montgomery-Ohio', 'CO', [0.0, 0.0, 0.0, 0.0, 1.0, 1.0, 0.0, 2.0, 1.0, 2.0, 0.0, 0.0, 0.0, 0.0, 0.0, 0.0, 0.0, 1.0, 1.0, 1.0, 0.0])
('Napa-California', 'CO', [3.0, 5.0, 3.0, 2.0, 2.0, 2.0, 2.0, 2.0, 2.0, 2.0, 2.0, 2.0, 0.0, 1.0, 1.0, 0.0, 2.0, 2.0, 3.0, 2.0, 3.0])
('New Haven-Connecticut', 'CO', [5.0, 3.0, 6.0, 7.0, 2.0, 5.0, 3.0, 3.0, 5.0, 2.0, 7.0, 2.0, 2.0, 1.0, 1.0, 1.0, 1.0, 1.0, 1.0, 1.0, 2.0])
('New York-New York', 'CO', [3.0, 6.0, 6.0, 6.0, 6.0, 5.0, 5.0, 0.0, 0.0, 3.0, 3.0, 2.0, 5.0, 2.0, 1.0, 0.0, 1.0, 2.0, 0.0, 1.0, 0.0])
('Oklahoma-Oklahoma', 'CO', [0.0, 5.0, 1.0, 1.0, 5.0, 0.0, 3.0, 0.0, 1.0, 1.0, 1.0, 2.0, 0.0, 0.0, 0.0, 2.0, 0.0, 0.0, 0.0, 0.0, 0.0])
('Orange-California', 'CO', [0.0, 0.0, 0.0, 0.0, 0.0, 0.0, 0.0, 0.0, 0.0, 0.0, 0.0, 0.0, 0.0, 0.0, 0.0, 0.0, 0.0, 0.0, 0.0, 0.0, 0.0])
('Orange-Florida', 'CO', [0.0, 2.0, 0.0, 1.0, 2.0, 2.0, 1.0, 1.0, 0.0, 0.0, 0.0, 0.0, 2.0, 0.0, 0.0, 0.0, 2.0, 2.0, 0.0, 0.0, 2.0])
('Philadelphia-Pennsylvania', 'CO', [0.0, 0.0, 1.0, 0.0, 0.0, 1.0, 1.0, 0.0, 2.0, 1.0, 1.0, 1.0, 0.0, 0.0, 0.0, 0.0, 0.0, 0.0, 1.0, 0.0, 0.0])
('Pinellas-Florida', 'CO', [0.0, 0.0, 0.0, 0.0, 0.0, 0.0, 0.0, 0.0, 0.0, 0.0, 1.0, 1.0, 1.0, 1.0, 0.0, 1.0, 2.0, 2.0, 1.0, 0.0, 0.0])
('Providence-Rhode Island', 'CO', [1.0, 2.0, 1.0, 2.0, 1.0, 2.0, 1.0, 3.0, 0.0, 2.0, 0.0, 1.0, 0.0, 0.0, 0.0, 0.0, 1.0, 1.0, 1.0, 1.0, 1.0])
('Pulaski-Arkansas', 'CO', [9.0, 3.0, 8.0, 8.0, 8.0, 5.0, 3.0, 0.0, 0.0, 0.0, 0.0, 3.0, 1.0, 2.0, 2.0, 0.0, 0.0, 2.0, 1.0, 0.0, 1.0])
('Richland-South Carolina', 'CO', [0.0, 0.0, 0.0, 0.0, 0.0, 0.0, 1.0, 3.0, 2.0, 2.0, 2.0, 2.0, 1.0, 3.0, 0.0, 1.0, 0.0, 1.0, 1.0, 0.0])
('Richmond City-Virginia', 'CO', [0.0, 0.0, 0.0, 0.0, 0.0, 0.0, 0.0, 0.0, 0.0, 0.0, 0.0, 0.0, 0.0, 0.0, 0.0, 1.0, 0.0, 0.0, 0.0, 0.0, 1.0])
('Riverside-California', 'CO', [1.0, 0.0, 0.0, 0.0, 0.0, 0.0, 0.0, 0.0, 0.0, 0.0, 0.0, 0.0, 0.0, 0.0, 0.0, 0.0, 0.0, 0.0, 0.0, 0.0, 0.0])
('Rutland-Vermont', 'CO', [3.0, 3.0, 3.0, 3.0, 3.0, 1.0, 2.0, 3.0, 2.0, 2.0, 1.0, 2.0, 1.0, 2.0, 1.0, 0.0, 1.0, 1.0, 0.0, 0.0, 0.0])
('Sacramento-California', 'CO', [0.0, 1.0, 0.0, 1.0, 0.0, 0.0, 0.0, 1.0, 1.0, 0.0, 0.0, 1.0, 1.0, 1.0, 1.0, 0.0, 0.0, 1.0, 1.0, 0.0, 0.0])
('Salt Lake-Utah', 'CO', [3.0, 5.0, 2.0, 2.0, 2.0, 3.0, 1.0, 0.0, 2.0, 1.0, 1.0, 2.0, 1.0, 1.0, 1.0, 1.0, 1.0, 1.0, 1.0, 1.0, 1.0])
('San Bernardino-California', 'CO', [1.0, 0.0, 0.0, 0.0, 0.0, 0.0, 0.0, 0.0, 0.0, 0.0, 0.0, 0.0, 0.0, 0.0, 0.0, 0.0, 0.0, 0.0, 0.0, 0.0, 0.0])
('San Diego-California', 'CO', [2.0, 1.0, 0.0, 0.0, 0.0, 1.0, 1.0, 0.0, 2.0, 0.0, 2.0, 0.0, 0.0, 0.0, 2.0, 0.0, 1.0, 1.0, 0.0, 1.0, 1.0])
('San Francisco-California', 'CO', [5.0, 1.0, 2.0, 3.0, 3.0, 3.0, 3.0, 3.0, 3.0, 0.0, 0.0, 3.0, 3.0, 2.0, 0.0, 0.0, 0.0, 2.0, 2.0, 2.0, 2.0])
('San Joaquin-California', 'CO', [3.0, 2.0, 3.0, 5.0, 3.0, 2.0, 2.0, 2.0, 2.0, 2.0, 2.0, 1.0, 0.0, 0.0, 0.0, 0.0, 0.0, 0.0, 1.0, 1.0, 1.0])
('Santa Barbara-California', 'CO', [0.0, 1.0, 1.0, 1.0, 0.0, 0.0, 0.0, 0.0, 0.0, 0.0, 0.0, 0.0, 0.0, 0.0, 0.0, 0.0, 0.0, 0.0, 0.0, 0.0, 0.0])
('Santa Clara-California', 'CO', [0.0, 5.0, 5.0, 3.0, 6.0, 5.0, 3.0, 6.0, 2.0, 2.0, 1.0, 1.0, 2.0, 2.0, 1.0, 1.0, 0.0, 1.0, 1.0, 2.0, 2.0])
('Solano-California', 'CO', [2.0, 2.0, 2.0, 1.0, 2.0, 0.0, 1.0, 1.0, 0.0, 1.0, 2.0, 2.0, 1.0, 2.0, 1.0, 0.0, 2.0, 2.0, 2.0, 2.0, 0.0])
('Sonoma-California', 'CO', [2.0, 1.0, 2.0, 1.0, 0.0, 2.0, 0.0, 2.0, 1.0, 1.0, 1.0, 1.0, 0.0, 0.0, 1.0, 1.0, 2.0, 2.0, 2.0, 2.0, 2.0])
('Spokane-Washington', 'CO', [6.0, 6.0, 6.0, 3.0, 2.0, 3.0, 2.0, 6.0, 2.0, 6.0, 5.0, 5.0, 6.0, 3.0, 2.0, 3.0, 0.0, 3.0, 3.0, 2.0, 1.0])
('Stanislaus-California', 'CO', [2.0, 1.0, 0.0, 2.0, 0.0, 2.0, 2.0, 0.0, 2.0, 2.0, 2.0, 1.0, 0.0, 0.0, 0.0, 0.0, 0.0, 0.0, 0.0, 1.0, 1.0])
('Stark-Ohio', 'CO', [2.0, 1.0, 0.0, 2.0, 3.0, 0.0, 0.0, 0.0, 0.0, 0.0, 1.0, 0.0, 0.0, 2.0, 0.0, 1.0, 0.0, 1.0, 1.0, 2.0, 1.0])
('Sullivan-Tennessee', 'CO', [2.0, 3.0, 0.0, 5.0, 2.0, 3.0, 3.0, 6.0, 6.0, 2.0, 0.0, 0.0, 1.0, 0.0, 2.0, 2.0, 2.0, 0.0, 2.0, 1.0, 1.0])
('Summit-Ohio', 'CO', [0.0, 1.0, 1.0, 2.0, 2.0, 3.0, 3.0, 0.0, 0.0, 0.0, 0.0, 1.0, 0.0, 0.0, 0.0, 0.0, 0.0, 0.0, 0.0, 0.0, 0.0])
('Tarrant-Texas', 'CO', [0.0, 1.0, 1.0, 0.0, 0.0, 2.0, 0.0, 0.0, 2.0, 0.0, 0.0, 1.0, 1.0, 1.0, 0.0, 0.0, 1.0, 1.0, 1.0, 1.0, 0.0])
('Tulsa-Oklahoma', 'CO', [0.0, 0.0, 1.0, 0.0, 2.0, 1.0, 0.0, 0.0, 1.0, 1.0, 2.0, 2.0, 1.0, 0.0, 0.0, 0.0, 1.0, 0.0, 1.0, 0.0, 1.0])
('Utah-Utah', 'CO', [8.0, 7.0, 6.0, 7.0, 5.0, 5.0, 5.0, 5.0, 3.0, 2.0, 2.0, 1.0, 3.0, 1.0, 2.0, 2.0, 2.0, 2.0, 1.0, 2.0, 1.0])
('Vanderburgh-Indiana', 'CO', [5.0, 3.0, 3.0, 5.0, 5.0, 5.0, 3.0, 3.0, 3.0, 3.0, 5.0, 3.0, 3.0, 3.0, 2.0, 1.0, 2.0, 0.0, 0.0, 0.0, 0.0])
('Wake-North Carolina', 'CO', [2.0, 2.0, 3.0, 3.0, 3.0, 3.0, 2.0, 2.0, 2.0, 2.0, 2.0, 0.0, 2.0, 2.0, 2.0, 2.0, 1.0, 2.0, 2.0, 2.0, 1.0])
('Washington-Pennsylvania', 'CO', [0.0, 0.0, 0.0, 0.0, 0.0, 0.0, 0.0, 0.0, 0.0, 0.0, 0.0, 1.0, 0.0, 0.0, 0.0, 1.0, 1.0, 0.0, 0.0, 0.0, 0.0])
('Weber-Utah', 'CO', [5.0, 5.0, 5.0, 5.0, 5.0, 3.0, 2.0, 3.0, 2.0, 0.0, 3.0, 1.0, 1.0, 0.0, 1.0, 0.0, 1.0, 0.0, 0.0, 1.0, 0.0])
('Weld-Colorado', 'CO', [5.0, 3.0, 3.0, 3.0, 1.0, 3.0, 0.0, 2.0, 8.0, 1.0, 1.0, 1.0, 1.0, 1.0, 2.0, 2.0, 0.0, 2.0, 2.0, 2.0, 2.0])
('Wyandotte-Kansas', 'CO', [2.0, 1.0, 0.0, 1.0, 2.0, 5.0, 0.0, 0.0, 0.0, 0.0, 0.0, 0.0, 0.0, 0.0, 0.0, 0.0, 1.0, 2.0, 1.0, 1.0, 2.0])
