('Archuleta-Colorado', 'PM10', [28.68059701492537, 29.13105413105413, 26.262536873156343, 24.84776119402985, 25.070552147239265, 25.5243553008596, 24.14245014245014, 22.13314447592068, 22.585714285714285, 21.609550561797754, 21.94811320754717, 18.43888888888889, 20.83565459610028, 21.692090395480225, 22.553370786516854, 21.39871382636656, 19.0117994100295, 21.150602409638555, 21.89937106918239, 18.211309523809526, 18.551724137931036])
('Aroostook-Maine', 'PM10', [17.065934065934066, 12.635542168674698, 12.714007782101167, 17.725714285714286, 18.25212464589235, 17.221910112359552, 18.794019933554818, 16.0354609929078, 17.61, 17.366037735849055, 14.811764705882354, 17.410404624277458, 15.304597701149426, 19.051413881748072, 19.302547770700638, 16.529411764705884, 16.110169491525422, 17.651785714285715, 14.76, 11.715909090909092, 13.852631578947369])
('Baltimore (City)-Maryland', 'PM10', [26.637323943661972, 25.199115044247787, 25.182648401826484, 25.08157894736842, 23.301003344481604, 24.44256756756757, 23.98841698841699, 25.080357142857142, 24.06474820143885, 23.511904761904763, 23.43975903614458, 22.30857142857143, 23.04895104895105, 20.063063063063062, 16.157894736842106, 16.490909090909092, 13.574074074074074, 14.363636363636363, 14.055555555555555, 15.054545454545455, 15.555555555555555])
('Bannock-Idaho', 'PM10', [22.263286999182338, 23.75900900900901, 21.580482897384307, 19.998410174880764, 23.516393442622952, 23.768229166666668, 24.385026737967916, 23.656, 18.976, 19.854545454545455, 19.72566371681416, 19.098484848484848, 20.359712230215827, 19.733333333333334, 15.50625, 12.35064935064935, 15.673076923076923, 16.035087719298247, 18.18867924528302, 13.912280701754385, 16.818181818181817])
('Bernalillo-New Mexico', 'PM10', [24.65961049957663, 26.659927797833934, 22.17304964539007, 24.60431654676259, 29.16, 25.06228373702422, 24.99503311258278, 32.43693693693694, 31.93431855500821, 25.55263157894737, 28.658615136876005, 32.342948717948715, 28.79933110367893, 25.947552447552447, 25.611479028697573, 24.655172413793103, 26.767624020887727, 24.47710843373494, 24.132678132678134, 25.33248081841432, 18.558201058201057])
('Bexar-Texas', 'PM10', [19.25, 17.394285714285715, 19.03448275862069, 24.423728813559322, 22.02173913043478, 21.859375, 20.75, 20.686274509803923, 18.491525423728813, 18.05263157894737, 17.6, 17.35, 18.6, 16.791666666666668, 16.721739130434784, 15.421052631578947, 18.99099099099099, 18.568807339449542, 18.88695652173913, 21.677685950413224, 18.675213675213676])
('Boulder-Colorado', 'PM10', [17.18348623853211, 16.90888888888889, 15.480968858131488, 19.47004608294931, 19.128755364806867, 18.565217391304348, 18.30550284629981, 18.36774193548387, 18.05504587155963, 18.287037037037038, 19.56382978723404, 17.283185840707965, 21.0625, 18.68695652173913, 17.796610169491526, 16.849557522123895, 17.11864406779661, 19.152542372881356, 20.272727272727273, 21.703703703703702, 18.722543352601157])
('Boyd-Kentucky', 'PM10', [25.779116465863453, 26.291338582677167, 26.088, 24.991983967935873, 28.43599257884972, 26.385135135135137, 24.847161572052403, 20.405117270788914, 25.65573770491803, 24.14876033057851, 30.838709677419356, 30.28448275862069, 36.14035087719298, 27.10655737704918, 22.11965811965812, 26.895652173913042, 25.436974789915965, 24.89903846153846, 20.674050632911392, 17.886363636363637, 21.91764705882353])
('Brooke-West Virginia', 'PM10', [30.46820809248555, 28.086206896551722, 23.02840909090909, 26.35593220338983, 24.983333333333334, 24.338983050847457, 24.26271186440678, 25.058333333333334, 23.71186440677966, 24.316239316239315, 24.866666666666667, 22.758333333333333, 23.182608695652174, 20.369747899159663, 17.206611570247933, 20.283333333333335, 18.074380165289256, 16.565573770491802, 15.722689075630251, 15.62295081967213, 18.933333333333334])
('Broward-Florida', 'PM10', [14.829174664107486, 15.711252653927813, 15.647294589178356, 18.72365805168986, 15.44150110375276, 15.677033492822966, 16.447837150127228, 13.934065934065934, 17.006451612903227, 16.472477064220183, 14.972850678733032, 14.402597402597403, 13.607843137254902, 14.61504424778761, 13.416309012875537, 12.753191489361702, 11.319327731092438, 14.608294930875577, 13.075342465753424, 12.044692737430168, 11.715596330275229])
('Buchanan-Missouri', 'PM10', [29.30857142857143, 28.185185185185187, 28.45639534883721, 23.431372549019606, 38.46808510638298, 28.272727272727273, 31.714285714285715, 29.384615384615383, 29.747826086956522, 28.220338983050848, 29.31578947368421, 26.401129943502823, 26.936781609195403, 28.06508875739645, 25.62130177514793, 28.465408805031448, 30.696, 30.9375, 25.67816091954023, 24.153846153846153, 23.711111111111112])
('Camden-New Jersey', 'PM10', [25.78021978021978, 25.735955056179776, 24.833333333333332, 21.86813186813187, 19.210084033613445, 24.660869565217393, 25.44144144144144, 22.322033898305083, 24.38095238095238, 19.375, 30.427672955974842, 27.20567375886525, 27.48076923076923, 24.345588235294116, 32.2, 27.23728813559322, 29.75, 26.34426229508197, 22.428571428571427, 21.942307692307693, 32.29545454545455])
('Campbell-Wyoming', 'PM10', [12.12448132780083, 14.6775956284153, 13.611878453038674, 14.293978748524204, 18.516613076098608, 21.05449591280654, 22.569751056834196, 21.497726859428987, 20.333554596747426, 19.067077756053543, 20.270955724315805, 22.112, 23.780761286515197, 20.75184341064486, 16.438740694789082, 16.842135476463834, 17.289726918075424, 21.75455333911535, 16.392279411764704, 15.559212923600146, 16.724463519313304])
('Cerro Gordo-Iowa', 'PM10', [31.275247524752476, 29.51145038167939, 27.594174757281554, 28.971370143149283, 30.97659574468085, 21.5, 23.119760479041915, 22.754285714285714, 25.15950920245399, 22.382022471910112, 28.660377358490567, 27.32649253731343, 29.625468164794007, 25.61651376146789, 22.617375231053604, 20.212406015037594, 19.249523809523808, 20.807984790874524, 18.478011472275334, 17.51578947368421, 17.83219178082192])
('Chittenden-Vermont', 'PM10', [15.702247191011235, 16.26219512195122, 16.411392405063292, 15.557522123893806, 13.693121693121693, 11.374269005847953, 11.495726495726496, 10.801724137931034, 17.674418604651162, 14.799126637554584, 15.030567685589519, 13.343137254901961, 8.639769452449567, 7.6438356164383565, 7.599022004889975, 8.5025, 8.129746835443038, 6.4261603375527425, 7.582802547770701, 7.787162162162162, 8.91588785046729])
('Columbiana-Ohio', 'PM10', [26.326829268292684, 24.539759036144577, 23.984615384615385, 29.37051792828685, 30.586206896551722, 35.829787234042556, 25.708333333333332, 26.0, 27.75221238938053, 24.88888888888889, 27.504347826086956, 25.271929824561404, 25.70175438596491, 24.128205128205128, 22.591666666666665, 21.84659090909091, 18.273255813953487, 17.016949152542374, 15.71508379888268, 14.061111111111112, 16.285714285714285])
('Colusa-California', 'PM10', [31.338028169014084, 25.033898305084747, 23.35483870967742, 19.049180327868854, 30.678571428571427, 21.516666666666666, 22.74576271186441, 6.106122448979592, 3.9258160237388724, 8.422764227642276, 3.6225402504472273, 3.2605905006418485, 3.4199346405228757, 3.034188034188034, 3.815, 3.302675585284281, 8.51923076923077, 20.672727272727272, 25.06122448979592, 19.982456140350877, 22.228070175438596])
('Converse-Wyoming', 'PM10', [11.019607843137255, 11.255813953488373, 14.776223776223777, 15.748571428571429, 18.479041916167663, 17.423728813559322, 18.086021505376344, 19.985714285714284, 19.218362282878413, 20.788598574821854, 22.78974358974359, 25.87955182072829, 30.023952095808383, 26.006928406466514, 22.515923566878982, 21.849878934624698, 21.23875, 28.09375, 22.366071428571427, 22.465681098204858, 22.46546830652791])
('Cook-Illinois', 'PM10', [31.68860946745562, 28.797549280767182, 27.356699751861044, 29.18097014925373, 28.088709677419356, 27.089698046181173, 28.670152091254753, 26.068466730954675, 25.385, 25.290030211480364, 26.698396793587175, 23.19083255378859, 25.981203007518797, 22.471189591078065, 20.330106485963213, 21.895283018867925, 12.089285714285714, 16.20754716981132, 14.027027027027026, 15.222222222222221, 17.223214285714285])
('Cumberland-Maine', 'PM10', [18.4025974025974, 17.01156069364162, 18.754285714285714, 17.66883116883117, 17.098765432098766, 17.936046511627907, 18.58433734939759, 17.394285714285715, 20.647321428571427, 23.494949494949495, 25.256880733944953, 21.75221238938053, 22.304878048780488, 22.141176470588235, 20.022988505747126, 17.063291139240505, 18.45, 19.209876543209877, 19.4875, 19.253968253968253, 20.193548387096776])
('Cumberland-North Carolina', 'PM10', [21.637931034482758, 23.383333333333333, 23.086206896551722, 25.689655172413794, 21.457142857142856, 23.14851485148515, 19.964912280701753, 18.842105263157894, 17.655172413793103, 18.29032258064516, 17.482758620689655, 16.706666666666667, 17.303030303030305, 15.96551724137931, 13.049180327868852, 15.183333333333334, 12.344262295081966, 14.37704918032787, 15.389830508474576, 11.266666666666667, 10.213675213675213])
('Cuyahoga-Ohio', 'PM10', [36.45, 34.37907869481766, 34.65557729941292, 35.30518234165067, 34.50098619329388, 34.26930501930502, 32.452795600366635, 28.901486988847584, 31.070695553021665, 28.219325153374232, 31.09188361408882, 24.1875, 26.239600665557404, 24.816770186335404, 22.086440677966102, 22.46728971962617, 23.34915254237288, 26.508591065292098, 24.024024024024023, 23.439252336448597, 25.078582434514637])
('Dallas-Texas', 'PM10', [25.576190476190476, 25.592039800995025, 23.423728813559322, 26.069164265129682, 25.17161716171617, 25.282608695652176, 25.368600682593858, 24.33103448275862, 26.142857142857142, 23.28235294117647, 26.142857142857142, 23.735294117647058, 20.575757575757574, 19.94736842105263, 17.91390728476821, 21.488636363636363, 22.12987012987013, 22.755186721991702, 23.812765957446807, 22.455357142857142, 20.689655172413794])
('Delta-Colorado', 'PM10', [22.4093567251462, 23.583333333333332, 20.93645484949833, 19.858024691358025, 25.723529411764705, 19.725, 23.264150943396228, 24.016949152542374, 25.847457627118644, 20.339285714285715, 22.94047619047619, 22.616071428571427, 24.056603773584907, 22.582608695652173, 25.5609756097561, 20.973913043478262, 19.826446280991735, 22.52892561983471, 19.619834710743802, 21.949152542372882, 17.157894736842106])
('Denver-Colorado', 'PM10', [21.871794871794872, 22.943201376936315, 22.274061990212072, 26.53281853281853, 25.25595238095238, 26.020242914979757, 29.893700787401574, 29.500711237553343, 27.672340425531914, 23.797101449275363, 24.799701046337816, 22.287988422575978, 24.97590361445783, 24.34390651085142, 22.277870216306155, 23.41235392320534, 23.320359281437124, 25.17844522968198, 22.55267175572519, 22.361153262518968, 21.998489425981873])
('Douglas-Nebraska', 'PM10', [28.742424242424242, 33.06818181818182, 33.477572559366756, 33.53260869565217, 34.92439862542955, 34.88235294117647, 36.04416403785489, 32.12722646310433, 31.25889328063241, 25.619230769230768, 28.80668257756563, 29.859060402684563, 27.273722627737225, 26.097014925373134, 22.996153846153845, 23.945205479452056, 21.693181818181817, 24.502857142857142, 20.58100558659218, 20.70056497175141, 19.582857142857144])
('Dubois-Indiana', 'PM10', [28.294117647058822, 22.563636363636363, 21.925925925925927, 25.517241379310345, 24.5, 23.633333333333333, 20.934782608695652, 17.982456140350877, 19.17241379310345, 17.98181818181818, 23.69090909090909, 17.927272727272726, 22.842105263157894, 16.930232558139537, 16.333333333333332, 19.35593220338983, 16.885245901639344, 16.24590163934426, 14.916666666666666, 15.879310344827585, 14.8])
('El Paso-Texas', 'PM10', [30.18141592920354, 30.435820895522387, 26.563845050215207, 28.095700416088764, 35.151069518716575, 34.185955786736024, 30.66501240694789, 34.26943005181347, 43.505434782608695, 27.476666666666667, 25.402640264026402, 26.78723404255319, 25.90753424657534, 24.15702479338843, 20.513513513513512, 21.505016722408026, 27.579268292682926, 21.658181818181816, 28.24923076923077, 29.816666666666666, 21.54621848739496])
('Fayette-Kentucky', 'PM10', [20.859649122807017, 20.512254901960784, 20.125301204819277, 21.014354066985646, 21.22942643391521, 19.958868894601544, 20.29113924050633, 19.21813725490196, 21.70909090909091, 19.88135593220339, 22.0, 19.016666666666666, 20.94736842105263, 17.783333333333335, 15.288135593220339, 17.913793103448278, 15.660714285714286, 15.68421052631579, 14.566037735849056, 14.321428571428571, 14.357142857142858])
('Franklin-Ohio', 'PM10', [27.1079295154185, 23.735955056179776, 24.268456375838927, 27.45378151260504, 25.097087378640776, 28.141176470588235, 27.913793103448278, 26.264150943396228, 29.576271186440678, 26.24590163934426, 31.416666666666668, 25.081967213114755, 32.610169491525426, 28.576271186440678, 23.46551724137931, 29.436974789915965, 21.206611570247933, 26.666666666666668, 20.258333333333333, 20.79310344827586, 22.463636363636365])
('Fremont-Colorado', 'PM10', [16.23793103448276, 15.217391304347826, 15.254545454545454, 15.03448275862069, 15.733333333333333, 15.183333333333334, 14.05084745762712, 15.43859649122807, 13.810344827586206, 12.483870967741936, 16.685185185185187, 15.526315789473685, 15.339285714285714, 15.189655172413794, 14.576271186440678, 13.5, 17.035087719298247, 17.87719298245614, 18.35483870967742, 16.779661016949152, 12.789473684210526])
('Fremont-Wyoming', 'PM10', [23.854889589905362, 21.311475409836067, 22.309608540925268, 24.58823529411765, 18.34234234234234, 20.393939393939394, 25.206666666666667, 19.8659793814433, 19.09278350515464, 18.192660550458715, 19.084033613445378, 17.324074074074073, 17.29126213592233, 19.333333333333332, 16.295652173913044, 18.720338983050848, 14.915966386554622, 16.63157894736842, 15.208333333333334, 12.683760683760683, 13.675])
('Fresno-California', 'PM10', [35.834920634920636, 32.09415584415584, 35.7037037037037, 30.962457337883958, 38.00706713780919, 34.03741496598639, 36.45360824742268, 38.00662251655629, 34.31491712707182, 31.34463276836158, 31.357142857142858, 34.66285714285714, 30.708108108108107, 32.6448087431694, 27.955801104972377, 25.511627906976745, 27.082417582417584, 27.848275862068967, 36.21022727272727, 32.47904191616767, 33.03351955307262])
('Fulton-Georgia', 'PM10', [29.20689655172414, 26.92753623188406, 27.965034965034967, 26.19753086419753, 27.67484662576687, 29.21951219512195, 27.529411764705884, 21.740963855421686, 23.753012048192772, 23.48876404494382, 23.135593220338983, 25.99462365591398, 24.713043478260868, 20.0, 18.95402298850575, 16.761061946902654, 14.892561983471074, 14.008620689655173, 13.75438596491228, 15.016949152542374, 15.017241379310345])
('Galveston-Texas', 'PM10', [22.849397590361445, 17.526315789473685, 20.21323529411765, 21.928057553956833, 20.549382716049383, 21.53529411764706, 16.864516129032257, 16.65753424657534, 19.705882352941178, 18.217391304347824, 18.810344827586206, 20.733333333333334, 21.416666666666668, 22.055555555555557, 21.016949152542374, 17.654545454545456, 21.270491803278688, 20.175, 16.875, 18.016666666666666, 18.84070796460177])
('Garfield-Colorado', 'PM10', [23.612244897959183, 23.020408163265305, 19.956043956043956, 20.641509433962263, 21.4811320754717, 16.759358288770052, 17.49673202614379, 18.795698924731184, 16.741573033707866, 20.673684210526314, 15.953982300884956, 17.538555691554468, 17.673202614379086, 32.924778761061944, 22.869198312236286, 22.063025210084035, 19.276315789473685, 16.901023890784984, 13.458923512747875, 14.357340720221607, 13.47191011235955])
('Gila-Arizona', 'PM10', [32.30769230769231, 28.482758620689655, 26.74576271186441, 26.45, 30.24074074074074, 27.47826086956522, 23.613333333333333, 27.40764331210191, 22.927835051546392, 17.071672354948806, 19.245551601423486, 20.666666666666668, 20.15686274509804, 19.214285714285715, 17.27734375, 14.225165562913908, 16.341296928327644, 17.32, 15.633561643835616, 16.525, 10.659090909090908])
('Guayama-Puerto Rico', 'PM10', [24.258928571428573, 22.654545454545456, 31.135135135135137, 26.735294117647058, 25.19811320754717, 24.61061946902655, 26.225806451612904, 24.59090909090909, 23.86111111111111, 21.60185185185185, 23.45378151260504, 27.168141592920353, 26.79245283018868, 22.37142857142857, 17.62857142857143, 22.811965811965813, 21.238095238095237, 24.2, 19.076923076923077, 20.364779874213838, 23.721739130434784])
('Guaynabo-Puerto Rico', 'PM10', [25.78980891719745, 28.8424317617866, 32.1686460807601, 31.299707602339183, 34.29251700680272, 32.451536643026, 32.313978494623655, 31.21098901098901, 30.317460317460316, 29.909492273730685, 30.96997690531178, 34.21497584541063, 32.707656612529, 29.988338192419825, 24.385093167701864, 27.276315789473685, 25.668367346938776, 30.101941747572816, 27.321428571428573, 27.474885844748858, 28.994987468671678])
('Guilford-North Carolina', 'PM10', [23.485714285714284, 24.1900826446281, 23.860655737704917, 25.170731707317074, 23.925925925925927, 21.810344827586206, 19.49425287356322, 16.555555555555557, 16.423728813559322, 14.5, 15.781512605042018, 19.305882352941175, 18.027522935779817, 14.473214285714286, 11.777777777777779, 14.350877192982455, 9.31578947368421, 12.8, 13.586206896551724, 7.830508474576271, 10.981818181818182])
('Hamilton-Ohio', 'PM10', [30.09259259259259, 28.05725971370143, 28.24742268041237, 27.525612472160358, 24.422169811320753, 25.358241758241757, 23.759036144578314, 21.11842105263158, 23.573275862068964, 21.046511627906977, 24.13529411764706, 19.43502824858757, 23.526946107784433, 19.15909090909091, 17.136363636363637, 20.056277056277057, 17.21472392638037, 17.826210826210826, 15.637640449438202, 15.778393351800554, 17.547752808988765])
('Hamilton-Tennessee', 'PM10', [29.727272727272727, 29.675213675213676, 25.157894736842106, 25.708333333333332, 25.8135593220339, 26.975409836065573, 25.267241379310345, 20.25, 20.35, 20.084745762711865, 20.634615384615383, 19.704, 19.11111111111111, 16.369747899159663, 12.813559322033898, 16.722689075630253, 14.905982905982906, 13.538461538461538, 13.525862068965518, 11.9, 14.75])
('Hampden-Massachusetts', 'PM10', [21.242424242424242, 22.833333333333332, 22.81512605042017, 21.810344827586206, 25.613496932515336, 23.9390243902439, 22.24468085106383, 19.631901840490798, 18.98, 17.551724137931036, 20.62264150943396, 17.43859649122807, 16.983050847457626, 15.3, 14.655172413793103, 13.566666666666666, 13.372881355932204, 12.627118644067796, 12.578947368421053, 9.784313725490197, 13.322033898305085])
('Hampshire-Massachusetts', 'PM10', [10.477064220183486, 10.718181818181819, 10.56140350877193, 10.457142857142857, 12.410714285714286, 10.431034482758621, 11.474576271186441, 11.135593220338983, 10.264150943396226, 9.807017543859649, 11.672413793103448, 10.571428571428571, 9.843137254901961, 9.083333333333334, 9.0, 8.333333333333334, 8.229508196721312, 8.516666666666667, 7.716666666666667, 5.362068965517241, 7.033898305084746])
('Hartford-Connecticut', 'PM10', [15.514218009478673, 16.57909604519774, 17.60845070422535, 17.701030927835053, 15.609318996415771, 14.237668161434977, 14.226851851851851, 13.251336898395722, 15.745762711864407, 13.807017543859649, 14.145454545454545, 14.372881355932204, 13.196428571428571, 12.642857142857142, 11.491525423728813, 9.722222222222221, 10.204081632653061, 9.76271186440678, 10.8, 9.0, 11.241379310344827])
('Hillsborough-Florida', 'PM10', [22.799154334038054, 23.00159489633174, 24.377586206896552, 25.552447552447553, 23.298305084745763, 24.387687188019967, 24.08, 19.735294117647058, 21.29746835443038, 19.725490196078432, 19.969444444444445, 23.59722222222222, 22.414893617021278, 20.786069651741293, 14.408333333333333, 14.47107438016529, 15.245901639344263, 15.102564102564102, 14.067961165048544, 12.915254237288135, 12.533333333333333])
('Hudson-New Jersey', 'PM10', [26.058139534883722, 29.2327868852459, 28.734375, 25.497109826589597, 29.151785714285715, 28.680555555555557, 26.79245283018868, 26.134615384615383, 29.345454545454544, 25.305084745762713, 25.902173913043477, 22.333333333333332, 21.89189189189189, 24.675213675213676, 23.170212765957448, 25.178217821782177, 26.93103448275862, 27.14, 16.642857142857142, 15.278260869565218, 18.025210084033613])
('Imperial-California', 'PM10', [43.23340471092077, 48.14678899082569, 47.182232346241456, 37.847311827956986, 43.845991561181435, 49.68805704099822, 49.28260869565217, 47.87041036717063, 53.10683760683761, 43.36690647482014, 33.6712962962963, 41.53694581280788, 46.28534031413613, 35.39666666666667, 43.284789644012946, 29.74750830564784, 31.505016722408026, 38.13, 37.2171052631579, 47.72508591065292, 38.69])
('Inyo-California', 'PM10', [34.25925925925926, 24.474647887323943, 22.26746506986028, 23.632324533161622, 29.155893536121674, 54.683844011142064, 67.35463442717328, 56.783694267515926, 56.65880829015544, 37.82390243902439, 22.789765175011077, 35.57029288702929, 16.579123711340205, 18.002610284521012, 18.617251944378978, 22.01323987538941, 22.96564151850072, 20.801488833746898, 16.364316905801623, 16.936971111759558, 20.17789757412399])
('Jackson-Missouri', 'PM10', [21.047722342733188, 27.1368909512761, 21.535593220338985, 22.89090909090909, 23.77310924369748, 24.578512396694215, 25.04201680672269, 28.139344262295083, 22.4, 19.64761904761905, 21.810344827586206, 19.623853211009173, 21.794392523364486, 20.324786324786324, 19.128205128205128, 22.742857142857144, 24.741071428571427, 25.65740740740741, 20.315068493150687, 20.75438596491228, 19.17543859649123])
('Jackson-Oregon', 'PM10', [19.714912280701753, 19.91715976331361, 21.964406779661015, 18.509933774834437, 21.946428571428573, 20.948660714285715, 18.347826086956523, 20.62750716332378, 18.203187250996017, 19.204545454545453, 18.406666666666666, 19.1731843575419, 20.46825396825397, 17.68595041322314, 14.895061728395062, 11.610778443113773, 13.905882352941177, 14.865546218487395, 19.422680412371133, 14.092592592592593, 15.087719298245615])
('Juneau -Alaska', 'PM10', [16.658653846153847, 16.881141045958795, 12.445333333333334, 11.266666666666667, 6.212389380530974, 7.260416666666667, 6.390243902439025, 7.381818181818182, 8.918367346938776, 9.117647058823529, 10.265625, 8.573770491803279, 7.25, 7.4576271186440675, 9.166666666666666, 8.520661157024794, 7.074380165289257, 6.677685950413223, 7.420168067226891, 8.909090909090908, 6.74468085106383])
('Kennebec-Maine', 'PM10', [18.6875, 21.49230769230769, 20.6, 22.4, 20.618181818181817, 17.440677966101696, 19.10909090909091, 16.54237288135593, 19.276785714285715, 13.775862068965518, 13.966666666666667, 13.066666666666666, 14.035087719298245, 12.385964912280702, 12.065573770491802, 11.583333333333334, 10.375, 12.660714285714286, 11.654545454545454, 11.96551724137931, 11.474576271186441])
('Kent-Michigan', 'PM10', [19.36697247706422, 19.064814814814813, 17.05982905982906, 19.67241379310345, 17.39814814814815, 17.275229357798164, 18.49137931034483, 17.296296296296298, 17.310344827586206, 14.601769911504425, 17.75423728813559, 15.764044943820224, 16.762886597938145, 10.939655172413794, 10.166666666666666, 12.692307692307692, 12.9, 12.863636363636363, 12.00909090909091, 11.175438596491228, 15.38888888888889])
('Kent-Rhode Island', 'PM10', [11.403846153846153, 11.068965517241379, 12.35593220338983, 11.314814814814815, 12.45, 11.233333333333333, 10.383333333333333, 10.01639344262295, 10.403508771929825, 8.76271186440678, 10.375, 10.172413793103448, 9.070175438596491, 9.884615384615385, 8.767857142857142, 9.25, 8.116666666666667, 7.916666666666667, 7.901639344262295, 7.067796610169491, 8.75438596491228])
('King William-Virginia', 'PM10', [16.918032786885245, 17.683333333333334, 17.639344262295083, 17.533333333333335, 16.93220338983051, 16.57377049180328, 15.10344827586207, 15.375, 14.733333333333333, 11.68, 20.839285714285715, 18.733333333333334, 16.844827586206897, 16.661016949152543, 14.413793103448276, 14.175438596491228, 15.10909090909091, 12.0, 11.25, 11.280701754385966, 12.648148148148149])
('Kings-California', 'PM10', [41.689189189189186, 35.3140243902439, 38.71944444444444, 31.391691394658753, 41.919732441471574, 39.1283185840708, 44.67142857142857, 46.35616438356164, 41.39148936170213, 38.97540983606557, 35.6271186440678, 42.283018867924525, 40.24848484848485, 45.93851132686084, 36.006644518272424, 29.61056105610561, 27.216666666666665, 33.34782608695652, 41.398305084745765, 38.36842105263158, 38.089285714285715])
('La Plata-Colorado', 'PM10', [15.192307692307692, 18.683229813664596, 21.57311320754717, 20.47641509433962, 23.654853620955315, 22.709386281588447, 22.64864864864865, 25.684380032206118, 20.726930320150657, 16.09746588693957, 16.641975308641975, 14.37122969837587, 17.278260869565216, 18.428571428571427, 22.2, 21.26126126126126, 16.714285714285715, 17.864406779661017, 20.027027027027028, 14.223300970873787, 14.917525773195877])
('Lake-Ohio', 'PM10', [20.714285714285715, 19.03448275862069, 20.35185185185185, 20.982456140350877, 18.814814814814813, 19.350877192982455, 18.1, 17.333333333333332, 17.098360655737704, 15.2, 18.15702479338843, 14.201680672268907, 17.469565217391306, 17.15702479338843, 13.091666666666667, 14.702479338842975, 12.808333333333334, 13.975, 14.7, 13.330275229357799, 15.982456140350877])
('Lane-Oregon', 'PM10', [20.798311444652906, 18.037488284910964, 20.54360465116279, 17.024285714285714, 17.67218045112782, 18.23447204968944, 17.96728971962617, 18.43050847457627, 15.855603448275861, 14.667506297229219, 14.682414698162729, 14.880208333333334, 13.525835866261398, 14.060344827586206, 12.8, 10.936507936507937, 11.110429447852761, 11.887096774193548, 13.289256198347108, 13.39344262295082, 13.25])
('Laramie-Wyoming', 'PM10', [13.622222222222222, 13.87719298245614, 12.156862745098039, 12.693877551020408, 13.754716981132075, 14.377358490566039, 14.457627118644067, 15.087719298245615, 12.732394366197184, 12.100917431192661, 12.240384615384615, 11.7125748502994, 12.241379310344827, 14.093023255813954, 12.365168539325843, 13.1875, 10.825581395348838, 12.031645569620252, 10.979591836734693, 10.514084507042254, 9.93288590604027])
('Larimer-Colorado', 'PM10', [20.71153846153846, 18.84313725490196, 14.683333333333334, 15.049019607843137, 16.75177304964539, 17.12227074235808, 17.878980891719745, 18.31313131313131, 15.928571428571429, 18.279661016949152, 18.137614678899084, 18.789915966386555, 18.611570247933884, 17.355371900826448, 16.73949579831933, 16.725, 16.05128205128205, 21.876033057851238, 19.297520661157026, 17.385245901639344, 17.05785123966942])
('Lincoln-Wyoming', 'PM10', [19.80295566502463, 15.917098445595855, 12.721951219512196, 11.628318584070797, 16.689138576779026, 14.74721189591078, 13.89620758483034, 15.513461538461538, 15.754681647940075, 14.262081784386616, 10.581920903954803, 10.225454545454545, 15.742718446601941, 18.054502369668246, 19.686116700201207, 15.946078431372548, 12.37727759914255, 16.988338192419825, 14.550046772684752, 11.700554528650647, 12.402790697674419])
('Linn-Iowa', 'PM10', [21.22712933753943, 20.406940063091483, 23.11715481171548, 23.39644970414201, 20.907563025210084, 24.63225806451613, 23.24793388429752, 21.406779661016948, 20.11864406779661, 19.1, 21.081967213114755, 18.879310344827587, 20.406779661016948, 17.406779661016948, 16.639344262295083, 18.75409836065574, 17.875, 21.133333333333333, 19.73224043715847, 20.14450867052023, 18.45505617977528])
('Lorain-Ohio', 'PM10', [22.252408477842003, 20.621013133208255, 20.032136105860115, 20.698681732580038, 19.470725995316158, 20.285285285285287, 20.28515625, 19.53061224489796, 17.51923076923077, 17.649122807017545, 20.642857142857142, 15.898305084745763, 18.862068965517242, 20.839285714285715, 17.8135593220339, 15.679245283018869, 12.982456140350877, 9.789473684210526, 10.037037037037036, 8.706896551724139, 9.305084745762711])
('Los Angeles-California', 'PM10', [34.621414913957935, 33.81414141414142, 34.6811320754717, 30.75875486381323, 36.41851106639839, 34.46756756756757, 35.67130919220056, 33.825552825552826, 30.90748898678414, 29.13978494623656, 28.27408993576017, 28.525164113785557, 31.177777777777777, 27.56451612903226, 27.770925110132158, 22.694877505567927, 23.697872340425533, 22.53813559322034, 24.15505617977528, 26.942558746736292, 24.720116618075803])
('Mahoning-Ohio', 'PM10', [27.136170212765958, 24.4, 23.866666666666667, 24.889830508474578, 23.324786324786324, 24.291666666666668, 21.363636363636363, 20.256410256410255, 20.65811965811966, 18.789915966386555, 23.033898305084747, 19.394957983193276, 19.94017094017094, 18.6218487394958, 17.26890756302521, 20.031645569620252, 16.28021978021978, 18.02247191011236, 16.6045197740113, 15.39655172413793, 16.539772727272727])
('Maricopa-Arizona', 'PM10', [36.166666666666664, 36.29497907949791, 43.00250941028858, 33.49170437405731, 39.3801652892562, 42.031088082901555, 35.74860335195531, 41.51996197718631, 36.924528301886795, 34.88709677419355, 35.97991967871486, 35.061293984108964, 36.81975071907958, 25.843825665859566, 27.619183285849953, 21.021996615905245, 26.694915254237287, 28.112, 24.722814498933904, 25.085, 22.067961165048544])
('Marin-California', 'PM10', [18.770491803278688, 19.60655737704918, 19.737704918032787, 18.311475409836067, 19.75, 17.62295081967213, 18.311475409836067, 19.278688524590162, 15.360655737704919, 15.573770491803279, 14.311475409836065, 15.852459016393443, 15.216666666666667, 16.28813559322034, 14.033333333333333, 14.433333333333334, 14.278688524590164, 11.459016393442623, 13.639344262295081, 12.262295081967213, 13.95])
('Mesa-Colorado', 'PM10', [19.271255060728745, 19.377777777777776, 18.348017621145374, 19.908163265306122, 21.150442477876105, 17.581196581196583, 18.729411764705883, 24.19634703196347, 24.11464968152866, 26.34, 23.89937106918239, 27.063953488372093, 27.2279792746114, 27.119601328903656, 24.811447811447813, 20.6156462585034, 17.668941979522184, 19.233463035019454, 16.96938775510204, 17.27457627118644, 13.78191489361702])
('Miami-Dade-Florida', 'PM10', [22.89637305699482, 23.564102564102566, 21.329218106995885, 23.882096069868997, 21.0, 21.96035242290749, 21.8868778280543, 19.19650655021834, 23.325396825396826, 24.344827586206897, 24.266666666666666, 24.34426229508197, 22.5, 23.581196581196583, 20.652542372881356, 21.77310924369748, 19.907563025210084, 22.565573770491802, 21.946428571428573, 19.945945945945947, 20.083333333333332])
('Milwaukee-Wisconsin', 'PM10', [23.074380165289256, 23.270491803278688, 21.55688622754491, 22.89265536723164, 20.65680473372781, 20.272108843537413, 20.84931506849315, 21.427083333333332, 21.875, 18.301724137931036, 22.955128205128204, 19.367521367521366, 23.3206106870229, 18.705479452054796, 17.26923076923077, 21.661538461538463, 18.9568345323741, 17.23841059602649, 15.114864864864865, 16.577464788732396, 16.768595041322314])
('Mono-California', 'PM10', [14.197452229299364, 15.162650602409638, 13.335195530726256, 12.695035460992909, 11.117647058823529, 48.96969696969697, 23.979296066252587, 42.857438016528924, 41.85575048732944, 31.129175946547885, 32.9492600422833, 37.13387423935091, 56.90196078431372, 33.32200886262925, 37.06957424714434, 31.32296137339056, 34.355860612460404, 32.92628205128205, 23.668045501551187, 22.41058201058201, 12.734234234234235])
('Montgomery-Ohio', 'PM10', [23.74585635359116, 20.977653631284916, 21.785310734463277, 22.950617283950617, 21.609467455621303, 25.16949152542373, 21.43312101910828, 19.462184873949578, 21.231404958677686, 20.6, 25.966666666666665, 20.508196721311474, 24.45762711864407, 20.427350427350426, 18.559322033898304, 20.680672268907564, 18.310924369747898, 19.840336134453782, 16.666666666666668, 17.28813559322034, 17.406779661016948])
('Napa-California', 'PM10', [18.21311475409836, 17.950819672131146, 16.916666666666668, 15.2, 16.566666666666666, 14.426229508196721, 21.688524590163933, 22.918032786885245, 18.65573770491803, 18.19672131147541, 15.703125, 19.484375, 18.868852459016395, 19.06451612903226, 16.1, 15.426229508196721, 17.78688524590164, 14.049180327868852, 16.540983606557376, 13.87603305785124, 16.130434782608695])
('Natrona-Wyoming', 'PM10', [17.775862068965516, 18.035714285714285, 14.196428571428571, 15.913793103448276, 17.54901960784314, 15.280701754385966, 17.446428571428573, 16.074074074074073, 20.36842105263158, 15.24468085106383, 15.087912087912088, 18.9296875, 16.540880503144653, 15.429447852760736, 14.67878787878788, 14.006535947712418, 13.21301775147929, 15.792682926829269, 12.804054054054054, 12.550335570469798, 13.753333333333334])
('Norfolk City-Virginia', 'PM10', [20.491803278688526, 19.314285714285713, 25.53125, 21.866666666666667, 17.847457627118644, 19.864406779661017, 17.642857142857142, 15.351851851851851, 15.339622641509434, 17.0, 17.982456140350877, 18.798319327731093, 18.575, 19.77391304347826, 16.330434782608695, 16.2972972972973, 17.225, 11.547826086956523, 10.641666666666667, 11.078260869565218, 11.415929203539823])
('Nueces-Texas', 'PM10', [26.316831683168317, 20.948275862068964, 27.982142857142858, 32.53333333333333, 31.571428571428573, 32.28813559322034, 25.06779661016949, 26.278688524590162, 23.2, 18.677966101694917, 22.64406779661017, 23.033898305084747, 24.017543859649123, 22.80701754385965, 21.913793103448278, 18.69090909090909, 24.71551724137931, 20.581196581196583, 21.155963302752294, 22.347457627118644, 21.168067226890756])
('Orange-California', 'PM10', [35.06666666666667, 29.628099173553718, 33.60344827586207, 30.558333333333334, 34.31297709923664, 29.68421052631579, 28.485436893203882, 29.818181818181817, 27.241666666666667, 26.949579831932773, 22.112068965517242, 25.952380952380953, 30.957264957264957, 23.72566371681416, 24.974137931034484, 18.713043478260868, 20.371900826446282, 18.40495867768595, 20.708333333333332, 21.694214876033058, 20.83177570093458])
('Park-Wyoming', 'PM10', [13.385964912280702, 12.020408163265307, 13.704545454545455, 12.981132075471699, 12.5, 18.10169491525424, 15.892857142857142, 14.2, 17.116666666666667, 13.679245283018869, 13.116666666666667, 8.385964912280702, 14.466666666666667, 12.337349397590362, 10.101851851851851, 10.302752293577981, 10.725663716814159, 12.778761061946902, 10.03921568627451, 8.415094339622641, 10.675213675213675])
('Pennington-South Dakota', 'PM10', [26.463291139240507, 25.24400330851944, 26.50574712643678, 23.22972972972973, 22.996688741721854, 22.447105788423155, 26.795871559633028, 24.923076923076923, 28.163424124513618, 21.99579831932773, 19.688, 21.38174273858921, 23.63362068965517, 21.230125523012553, 20.715481171548117, 22.60352422907489, 18.948051948051948, 20.456066945606693, 18.443514644351463, 16.479338842975206, 15.05])
('Penobscot-Maine', 'PM10', [16.36643026004728, 15.172804532577903, 19.359375, 15.689655172413794, 15.524590163934427, 15.709090909090909, 15.634920634920634, 15.216666666666667, 19.410714285714285, 15.947368421052632, 18.017857142857142, 17.36, 18.0, 11.24, 9.873065015479876, 13.9, 12.59322033898305, 16.050847457627118, 13.470588235294118, 12.326530612244898, 14.939024390243903])
('Pima-Arizona', 'PM10', [24.832737030411447, 22.98639455782313, 22.87190812720848, 23.236867239732568, 31.38483412322275, 29.487562189054728, 24.318297872340427, 28.1592249368155, 26.91842105263158, 23.319432120674357, 26.159857904085257, 28.93661971830986, 27.128861429832302, 26.33892321270962, 25.580527752502274, 21.497584541062803, 24.62993762993763, 25.801275239107333, 23.87216494845361, 24.44097439100562, 18.74901185770751])
('Pinellas-Florida', 'PM10', [19.641921397379914, 21.115384615384617, 21.506437768240342, 22.666666666666668, 21.191111111111113, 21.45689655172414, 21.506437768240342, 18.105726872246695, 18.941176470588236, 19.620833333333334, 17.66949152542373, 19.308641975308642, 19.171003717472118, 17.82962962962963, 16.919117647058822, 17.183823529411764, 14.474452554744525, 15.888475836431226, 15.174074074074074, 15.085185185185185, 15.850187265917603])
('Pitkin-Colorado', 'PM10', [21.20059880239521, 17.930513595166165, 19.230538922155688, 19.477491961414792, 22.589569160997733, 19.283819628647215, 20.26126126126126, 19.26178010471204, 16.88888888888889, 16.404819277108434, 17.08983451536643, 16.37708830548926, 16.0472972972973, 15.661157024793388, 15.12396694214876, 14.415929203539823, 14.201680672268907, 15.076923076923077, 13.275, 14.571428571428571, 14.850467289719626])
('Platte-Wyoming', 'PM10', [12.932203389830509, 13.225, 17.956521739130434, 18.721311475409838, 14.7, 17.65573770491803, 18.95, 22.114754098360656, 18.724137931034484, 17.982758620689655, 17.65909090909091, 20.69672131147541, 21.507246376811594, 20.862068965517242, 17.065573770491802, 14.760330578512397, 16.73949579831933, 19.66393442622951, 16.637931034482758, 18.93220338983051, 18.396551724137932])
('Ponce-Puerto Rico', 'PM10', [22.089285714285715, 24.79245283018868, 31.296296296296298, 27.377777777777776, 35.482142857142854, 35.535714285714285, 35.76271186440678, 33.13559322033898, 35.527272727272724, 37.50877192982456, 43.05084745762712, 38.2, 34.53333333333333, 31.46551724137931, 29.0, 27.64957264957265, 28.2972972972973, 31.475728155339805, 23.79047619047619, 25.918367346938776, 28.506172839506174])
('Prowers-Colorado', 'PM10', [22.348927875243664, 20.472602739726028, 18.664596273291924, 21.97032640949555, 23.327536231884057, 23.112951807228917, 24.406299212598427, 25.881284916201118, 24.060650887573964, 20.818181818181817, 18.414244186046513, 19.817039106145252, 21.34958217270195, 23.59041095890411, 22.60576923076923, 22.534008683068016, 22.25977653631285, 23.91358024691358, 27.425414364640883, 26.192200557103064, 19.838068181818183])
('Pueblo-Colorado', 'PM10', [23.862745098039216, 23.942307692307693, 24.56140350877193, 22.107142857142858, 22.313725490196077, 22.405405405405407, 22.12, 22.778761061946902, 22.65546218487395, 21.24137931034483, 20.214953271028037, 21.45762711864407, 22.0, 25.666666666666668, 22.855855855855857, 17.211009174311926, 18.30392156862745, 19.15, 18.408695652173915, 20.641025641025642, 15.761061946902656])
('Pulaski-Arkansas', 'PM10', [26.97119341563786, 24.34453781512605, 22.491525423728813, 30.852459016393443, 27.318840579710145, 25.535353535353536, 24.548076923076923, 21.735632183908045, 22.63888888888889, 22.485981308411215, 22.47239263803681, 20.04022988505747, 21.686746987951807, 18.195402298850574, 16.179190751445088, 19.63888888888889, 19.736318407960198, 17.695473251028808, 16.72689075630252, 16.195744680851064, 17.181818181818183])
('Roane-Tennessee', 'PM10', [24.25229357798165, 21.747863247863247, 22.73949579831933, 23.777310924369747, 23.0, 23.582417582417584, 20.446927374301676, 20.361581920903955, 20.14364640883978, 20.84153005464481, 23.12087912087912, 21.08743169398907, 24.735632183908045, 22.207865168539325, 15.155405405405405, 20.15909090909091, 18.21264367816092, 16.235955056179776, 14.7557003257329, 14.398843930635838, 30.25748502994012])
('Sacramento-California', 'PM10', [24.523715415019762, 21.553719008264462, 20.540305010893245, 21.366890380313198, 24.36123348017621, 21.61111111111111, 21.365558912386707, 23.533169533169534, 20.772616136919314, 20.24343675417661, 20.56115107913669, 24.227383863080686, 20.26328502415459, 23.37121212121212, 17.929411764705883, 15.018779342723004, 17.959715639810426, 15.609411764705882, 18.365728900255753, 14.474719101123595, 16.00974025974026])
('San Diego-California', 'PM10', [30.52801724137931, 26.123404255319148, 27.2, 23.77027027027027, 31.466666666666665, 29.857506361323153, 30.273972602739725, 29.937158469945356, 31.615384615384617, 29.280748663101605, 27.881696428571427, 28.0, 30.152654867256636, 25.78502879078695, 26.893058161350844, 21.890566037735848, 21.13085621970921, 24.92054794520548, 27.04718417047184, 21.699261992619927, 18.763401109057302])
('San Francisco-California', 'PM10', [22.557377049180328, 22.0, 22.459016393442624, 20.131147540983605, 23.633333333333333, 21.75409836065574, 23.704918032786885, 22.081967213114755, 19.737704918032787, 18.76923076923077, 16.977272727272727, 20.0, 18.661016949152543, 19.065573770491802, 16.295081967213115, 17.396551724137932, 16.9, 15.169491525423728, 16.0, 14.866666666666667, 16.733333333333334])
('San Joaquin-California', 'PM10', [24.917525773195877, 23.71641791044776, 25.180790960451976, 24.405714285714286, 29.169811320754718, 27.868852459016395, 29.425, 29.620967741935484, 22.975, 23.295081967213115, 23.578512396694215, 26.577235772357724, 23.241666666666667, 26.375, 21.098360655737704, 16.241666666666667, 19.786324786324787, 19.533333333333335, 25.545454545454547, 18.555555555555557, 22.155555555555555])
('San Miguel-Colorado', 'PM10', [28.4, 23.39563862928349, 22.74074074074074, 21.9873417721519, 20.505415162454874, 19.455696202531644, 16.435897435897434, 16.52991452991453, 17.916666666666668, 16.139130434782608, 18.53061224489796, 17.376068376068375, 17.68421052631579, 16.607142857142858, 17.217391304347824, 17.915254237288135, 14.91304347826087, 15.529411764705882, 14.579831932773109, 15.64406779661017, 17.050420168067227])
('Santa Cruz-Arizona', 'PM10', [27.39252336448598, 35.666666666666664, 34.11764705882353, 38.44, 47.56, 40.06896551724138, 39.473684210526315, 42.94736842105263, 38.36065573770492, 36.75, 45.45762711864407, 49.333333333333336, 44.271186440677965, 45.220338983050844, 42.3448275862069, 33.29824561403509, 33.95161290322581, 33.172413793103445, 31.82758620689655, 29.571428571428573, 20.761904761904763])
('Scioto-Ohio', 'PM10', [24.170974155069583, 22.276008492569, 21.61853448275862, 21.78053830227743, 22.78980891719745, 20.645922746781117, 21.444723618090453, 18.983193277310924, 18.4, 17.088983050847457, 20.308333333333334, 17.75409836065574, 18.73949579831933, 15.275, 14.388429752066116, 17.691666666666666, 16.630434782608695, 16.324175824175825, 15.482954545454545, 15.677777777777777, 15.357954545454545])
('Scott-Iowa', 'PM10', [48.333333333333336, 40.05591397849462, 39.27642276422764, 30.724503311258278, 28.82588878760255, 21.879310344827587, 19.79032258064516, 19.098360655737704, 18.4, 17.436363636363637, 31.254752851711025, 28.85635964912281, 30.93232044198895, 27.246217331499313, 25.986301369863014, 28.66162310866575, 27.653314917127073, 28.348360655737704, 26.428385416666668, 26.26809651474531, 25.449255751014885])
('Shelby-Tennessee', 'PM10', [26.47107438016529, 23.53913043478261, 24.931623931623932, 23.571428571428573, 22.14782608695652, 24.35483870967742, 21.6697247706422, 20.535714285714285, 23.104347826086958, 22.228070175438596, 25.327731092436974, 22.08187134502924, 22.684848484848484, 19.26060606060606, 16.41764705882353, 19.352601156069365, 17.972067039106147, 18.39887640449438, 17.434782608695652, 18.536723163841806, 18.725714285714286])
('Sherman-Kansas', 'PM10', [22.0327868852459, 22.966101694915253, 22.4, 22.96551724137931, 26.842105263157894, 22.517241379310345, 21.311475409836067, 24.181818181818183, 22.803571428571427, 18.8125, 21.0, 18.772727272727273, 20.943396226415093, 23.84313725490196, 21.333333333333332, 22.94, 21.56, 23.842105263157894, 24.21311475409836, 17.60655737704918, 19.25423728813559])
('Siskiyou-California', 'PM10', [12.929411764705883, 13.77124183006536, 10.841772151898734, 10.0, 14.088888888888889, 10.746666666666666, 10.430769230769231, 14.287958115183246, 9.573684210526316, 9.173684210526316, 9.572164948453608, 10.658163265306122, 10.901639344262295, 15.147058823529411, 11.469696969696969, 9.183333333333334, 10.225806451612904, 11.950819672131148, 11.94915254237288, 14.775862068965518, 12.133333333333333])
('Stanislaus-California', 'PM10', [32.362637362637365, 26.8, 30.035714285714285, 26.925795053003533, 33.90877192982456, 29.5, 33.2093023255814, 32.540983606557376, 27.214876033057852, 27.165289256198346, 26.450819672131146, 29.4, 26.216666666666665, 29.920353982300885, 25.38135593220339, 20.825, 23.775, 24.85, 29.508196721311474, 23.42105263157895, 29.24137931034483])
('Suffolk-Massachusetts', 'PM10', [21.842900302114803, 23.205607476635514, 21.974789915966387, 24.775384615384617, 25.128930817610062, 23.245283018867923, 23.306451612903224, 20.259067357512954, 20.994535519125684, 19.5141065830721, 19.97583081570997, 16.83235294117647, 16.090634441087612, 15.867816091954023, 14.935103244837759, 12.764044943820224, 13.64410480349345, 13.135306553911205, 14.816438356164383, 13.147308781869688, 11.515151515151516])
('Tarrant-Texas', 'PM10', [22.241176470588236, 22.23780487804878, 18.299145299145298, 22.482456140350877, 19.75, 19.92452830188679, 17.50420168067227, 17.847457627118644, 17.092105263157894, 17.716666666666665, 19.105263157894736, 17.842105263157894, 18.775862068965516, 16.616666666666667, 15.067796610169491, 17.362068965517242, 17.368852459016395, 18.75, 16.89075630252101, 18.833333333333332, 15.85])
('Tehama-California', 'PM10', [25.571428571428573, 23.791666666666668, 20.490909090909092, 24.333333333333332, 33.24, 22.25, 23.9811320754717, 27.93220338983051, 20.912280701754387, 22.728813559322035, 20.0, 23.7, 20.81967213114754, 22.266666666666666, 17.93220338983051, 16.440677966101696, 17.29824561403509, 18.75409836065574, 19.16949152542373, 14.821428571428571, 18.74137931034483])
('Trumbull-Ohio', 'PM10', [21.973597359735972, 20.747252747252748, 20.651685393258425, 22.466666666666665, 19.83050847457627, 21.560439560439562, 18.459016393442624, 17.52777777777778, 17.899441340782122, 16.14835164835165, 20.45810055865922, 16.486187845303867, 18.463687150837988, 16.29090909090909, 14.096774193548388, 17.77777777777778, 14.596685082872929, 14.176136363636363, 13.264044943820224, 11.883040935672515, 12.948453608247423])
('Tulare-California', 'PM10', [39.406976744186046, 36.625, 36.53846153846154, 34.16129032258065, 43.050561797752806, 43.4140625, 43.8728813559322, 44.554621848739494, 37.720338983050844, 36.925, 38.525, 40.5655737704918, 37.18055555555556, 40.86666666666667, 36.868852459016395, 30.42622950819672, 30.23728813559322, 33.704918032786885, 38.31147540983606, 38.98275862068966, 30.115384615384617])
('Union-Tennessee', 'PM10', [28.664804469273744, 27.2311320754717, 32.59751037344398, 24.422018348623855, 21.68639053254438, 22.367875647668395, 20.03012048192771, 19.782122905027933, 19.930635838150287, 19.761363636363637, 18.85, 18.623595505617978, 19.253012048192772, 15.452380952380953, 12.979338842975206, 18.00877192982456, 14.819672131147541, 13.725, 12.757281553398059, 11.901639344262295, 11.416666666666666])
('Utah-Utah', 'PM10', [26.225806451612904, 30.050830889540567, 27.405349794238685, 24.70044052863436, 28.13304721030043, 27.772916666666667, 29.34334763948498, 28.59282700421941, 22.961945031712474, 25.29192546583851, 22.340425531914892, 22.205882352941178, 24.711111111111112, 25.36399217221135, 23.685328185328185, 22.487951807228917, 18.45751633986928, 20.016494845360825, 20.880597014925375, 17.715311004784688, 18.24578313253012])
('Vanderburgh-Indiana', 'PM10', [29.17094017094017, 23.232142857142858, 24.367521367521366, 25.876033057851238, 23.720338983050848, 25.128205128205128, 25.373563218390803, 24.359550561797754, 24.379888268156424, 20.96045197740113, 25.482758620689655, 21.47457627118644, 23.44508670520231, 18.08235294117647, 16.857142857142858, 18.333333333333332, 17.017241379310345, 16.310344827586206, 13.241379310344827, 16.016666666666666, 15.0])
('Wayne-Michigan', 'PM10', [33.66459627329193, 31.479876160990713, 29.83676703645008, 31.11308562197092, 29.718503937007874, 30.83409090909091, 30.50974025974026, 27.423529411764704, 32.10650887573964, 25.105882352941176, 28.572254335260116, 24.22608695652174, 25.091743119266056, 21.03765690376569, 15.887372013651877, 18.123287671232877, 17.222972972972972, 19.41860465116279, 17.371323529411764, 18.537037037037038, 19.973384030418252])
('Webb-Texas', 'PM10', [26.88888888888889, 36.46938775510204, 30.803571428571427, 35.206896551724135, 29.85135135135135, 27.183333333333334, 22.85, 22.475, 21.90082644628099, 18.73949579831933, 21.15573770491803, 25.756302521008404, 21.733333333333334, 20.563106796116504, 22.613861386138613, 20.16822429906542, 20.333333333333332, 16.432098765432098, 24.023668639053255, 19.923529411764704, 19.509090909090908])
('Weber-Utah', 'PM10', [23.193954659949622, 26.08235294117647, 21.314553990610328, 21.382089552238806, 26.178674351585013, 25.704545454545453, 29.204678362573098, 31.22608695652174, 27.152112676056337, 25.71142857142857, 21.379888268156424, 23.281437125748504, 25.410919540229884, 23.363636363636363, 23.497222222222224, 22.821229050279328, 18.474285714285713, 19.439226519337016, 20.557471264367816, 17.275510204081634, 18.23109243697479])
('Weld-Colorado', 'PM10', [18.258064516129032, 16.251572327044027, 16.035087719298247, 15.30841121495327, 16.30701754385965, 18.64814814814815, 19.21551724137931, 19.46551724137931, 18.921739130434784, 21.583333333333332, 20.10924369747899, 20.68103448275862, 20.627118644067796, 19.423728813559322, 19.355371900826448, 18.756302521008404, 18.462184873949578, 23.388429752066116, 18.85, 19.778688524590162, 20.372549019607842])
('Winchester City-Virginia', 'PM10', [20.728813559322035, 22.0327868852459, 21.220338983050848, 21.0, 20.440677966101696, 18.54237288135593, 17.43859649122807, 16.775862068965516, 16.934426229508198, 16.42622950819672, 18.761467889908257, 16.855072463768117, 18.883333333333333, 16.704918032786885, 15.280701754385966, 14.433333333333334, 12.483333333333333, 15.0, 9.105263157894736, 8.868852459016393, 11.322033898305085])
('Yakima-Washington', 'PM10', [21.655172413793103, 28.411538461538463, 27.65986394557823, 23.22222222222222, 21.344444444444445, 22.545454545454547, 23.75109170305677, 24.511111111111113, 21.65909090909091, 24.30718954248366, 22.0, 21.945945945945947, 19.266666666666666, 18.683333333333334, 18.442622950819672, 13.947368421052632, 14.931034482758621, 16.677966101694917, 17.345454545454544, 14.64406779661017, 17.21951219512195])
('Yolo-California', 'PM10', [29.482142857142858, 24.00854700854701, 23.58823529411765, 23.56390977443609, 26.912, 22.559322033898304, 23.294117647058822, 24.54621848739496, 20.50877192982456, 25.566666666666666, 21.78448275862069, 24.28205128205128, 20.730434782608697, 24.899159663865547, 18.7, 16.369747899159663, 17.4672131147541, 15.631147540983607, 20.69672131147541, 15.8, 18.840336134453782])
