('Archuleta-Colorado', 'PM10', [3.0, 6.0, 6.0, 6.0, 6.0, 3.0, 4.0, 5.0, 4.0, 4.0, 5.0, 4.0, 3.0, 5.0, 6.0, 4.0, 2.0, 4.0, 3.0, 3.0, 3.0])
('Aroostook-Maine', 'PM10', [2.0, 2.0, 2.0, 2.0, 1.0, 2.0, 1.0, 3.0, 3.0, 3.0, 0.0, 2.0, 3.0, 0.0, 2.0, 2.0, 3.0, 2.0, 4.0, 2.0, 3.0])
('Baltimore (City)-Maryland', 'PM10', [5.0, 6.0, 6.0, 3.0, 5.0, 6.0, 6.0, 8.0, 4.0, 5.0, 3.0, 4.0, 1.0, 4.0, 2.0, 4.0, 2.0, 2.0, 0.0, 0.0, 0.0])
('Bannock-Idaho', 'PM10', [2.0, 2.0, 3.0, 0.0, 4.0, 1.0, 2.0, 4.0, 3.0, 4.0, 4.0, 3.0, 3.0, 0.0, 1.0, 0.0, 0.0, 1.0, 5.0, 0.0, 3.0])
('Bernalillo-New Mexico', 'PM10', [5.0, 5.0, 3.0, 1.0, 7.0, 2.0, 0.0, 0.0, 5.0, 1.0, 3.0, 5.0, 0.0, 0.0, 2.0, 2.0, 4.0, 0.0, 5.0, 2.0, 0.0])
('Bexar-Texas', 'PM10', [6.0, 6.0, 7.0, 6.0, 8.0, 5.0, 1.0, 4.0, 5.0, 6.0, 6.0, 4.0, 6.0, 6.0, 1.0, 1.0, 1.0, 5.0, 3.0, 2.0, 1.0])
('Boulder-Colorado', 'PM10', [2.0, 2.0, 3.0, 1.0, 2.0, 1.0, 3.0, 3.0, 5.0, 5.0, 1.0, 3.0, 4.0, 3.0, 4.0, 3.0, 6.0, 4.0, 6.0, 4.0, 4.0])
('Boyd-Kentucky', 'PM10', [2.0, 7.0, 5.0, 3.0, 3.0, 1.0, 2.0, 4.0, 6.0, 5.0, 8.0, 7.0, 9.0, 6.0, 6.0, 6.0, 3.0, 2.0, 4.0, 3.0, 4.0])
('Brooke-West Virginia', 'PM10', [6.0, 5.0, 6.0, 6.0, 6.0, 6.0, 8.0, 7.0, 6.0, 7.0, 2.0, 7.0, 6.0, 5.0, 3.0, 3.0, 4.0, 3.0, 2.0, 2.0, 5.0])
('Broward-Florida', 'PM10', [4.0, 6.0, 6.0, 6.0, 7.0, 3.0, 6.0, 6.0, 7.0, 6.0, 4.0, 4.0, 3.0, 4.0, 2.0, 3.0, 1.0, 4.0, 4.0, 5.0, 6.0])
('Buchanan-Missouri', 'PM10', [5.0, 2.0, 0.0, 5.0, 6.0, 4.0, 3.0, 5.0, 3.0, 7.0, 7.0, 4.0, 3.0, 5.0, 3.0, 4.0, 4.0, 6.0, 3.0, 4.0, 0.0])
('Camden-New Jersey', 'PM10', [7.0, 7.0, 7.0, 6.0, 6.0, 4.0, 4.0, 6.0, 4.0, 5.0, 2.0, 7.0, 6.0, 5.0, 6.0, 5.0, 5.0, 3.0, 1.0, 1.0, 6.0])
('Campbell-Wyoming', 'PM10', [1.0, 1.0, 1.0, 1.0, 1.0, 1.0, 1.0, 1.0, 1.0, 1.0, 0.0, 0.0, 0.0, 0.0, 0.0, 0.0, 0.0, 0.0, 0.0, 0.0, 0.0])
('Cerro Gordo-Iowa', 'PM10', [6.0, 0.0, 0.0, 2.0, 4.0, 5.0, 3.0, 5.0, 4.0, 4.0, 4.0, 4.0, 6.0, 1.0, 2.0, 3.0, 2.0, 4.0, 1.0, 0.0, 2.0])
('Chittenden-Vermont', 'PM10', [2.0, 5.0, 2.0, 4.0, 3.0, 2.0, 2.0, 2.0, 3.0, 2.0, 1.0, 2.0, 1.0, 1.0, 0.0, 0.0, 0.0, 0.0, 0.0, 0.0, 1.0])
('Columbiana-Ohio', 'PM10', [4.0, 4.0, 4.0, 7.0, 4.0, 10.0, 13.0, 7.0, 7.0, 5.0, 4.0, 7.0, 9.0, 11.0, 8.0, 6.0, 6.0, 3.0, 4.0, 3.0, 3.0])
('Colusa-California', 'PM10', [5.0, 5.0, 5.0, 4.0, 4.0, 2.0, 5.0, 0.0, 0.0, 0.0, 0.0, 0.0, 0.0, 0.0, 0.0, 0.0, 2.0, 3.0, 4.0, 3.0, 3.0])
('Converse-Wyoming', 'PM10', [1.0, 1.0, 2.0, 2.0, 4.0, 1.0, 1.0, 2.0, 2.0, 1.0, 1.0, 1.0, 4.0, 2.0, 2.0, 1.0, 1.0, 2.0, 3.0, 0.0, 1.0])
('Cook-Illinois', 'PM10', [2.0, 6.0, 3.0, 2.0, 2.0, 3.0, 3.0, 2.0, 5.0, 5.0, 2.0, 2.0, 4.0, 2.0, 0.0, 3.0, 1.0, 4.0, 2.0, 2.0, 2.0])
('Cumberland-Maine', 'PM10', [2.0, 1.0, 2.0, 2.0, 3.0, 2.0, 2.0, 2.0, 2.0, 0.0, 2.0, 2.0, 3.0, 5.0, 3.0, 5.0, 5.0, 7.0, 2.0, 3.0, 3.0])
('Cumberland-North Carolina', 'PM10', [5.0, 8.0, 7.0, 2.0, 6.0, 6.0, 7.0, 7.0, 6.0, 3.0, 2.0, 6.0, 6.0, 5.0, 5.0, 4.0, 2.0, 7.0, 5.0, 1.0, 3.0])
('Cuyahoga-Ohio', 'PM10', [3.0, 6.0, 7.0, 6.0, 6.0, 3.0, 6.0, 6.0, 5.0, 5.0, 3.0, 2.0, 3.0, 6.0, 2.0, 2.0, 2.0, 4.0, 4.0, 4.0, 3.0])
('Dallas-Texas', 'PM10', [5.0, 6.0, 3.0, 6.0, 3.0, 4.0, 9.0, 8.0, 9.0, 7.0, 8.0, 6.0, 7.0, 4.0, 1.0, 1.0, 3.0, 3.0, 3.0, 4.0, 4.0])
('Delta-Colorado', 'PM10', [5.0, 5.0, 4.0, 3.0, 6.0, 6.0, 4.0, 7.0, 7.0, 7.0, 5.0, 6.0, 6.0, 3.0, 6.0, 4.0, 6.0, 6.0, 4.0, 6.0, 5.0])
('Denver-Colorado', 'PM10', [5.0, 6.0, 4.0, 5.0, 0.0, 6.0, 6.0, 2.0, 3.0, 5.0, 3.0, 0.0, 1.0, 6.0, 6.0, 3.0, 4.0, 3.0, 2.0, 2.0, 3.0])
('Douglas-Nebraska', 'PM10', [3.0, 7.0, 6.0, 6.0, 5.0, 10.0, 5.0, 6.0, 4.0, 0.0, 5.0, 6.0, 5.0, 3.0, 2.0, 5.0, 6.0, 4.0, 1.0, 5.0, 0.0])
('Dubois-Indiana', 'PM10', [8.0, 6.0, 6.0, 10.0, 8.0, 6.0, 10.0, 6.0, 8.0, 4.0, 8.0, 6.0, 8.0, 5.0, 6.0, 5.0, 3.0, 6.0, 5.0, 4.0, 4.0])
('El Paso-Texas', 'PM10', [5.0, 5.0, 4.0, 3.0, 5.0, 4.0, 2.0, 2.0, 3.0, 3.0, 5.0, 3.0, 1.0, 3.0, 1.0, 2.0, 2.0, 0.0, 1.0, 4.0, 4.0])
('Fayette-Kentucky', 'PM10', [5.0, 6.0, 6.0, 5.0, 2.0, 1.0, 4.0, 0.0, 1.0, 0.0, 6.0, 7.0, 6.0, 6.0, 6.0, 4.0, 2.0, 6.0, 5.0, 5.0, 3.0])
('Franklin-Ohio', 'PM10', [5.0, 9.0, 7.0, 8.0, 0.0, 9.0, 12.0, 9.0, 8.0, 6.0, 11.0, 6.0, 10.0, 9.0, 7.0, 6.0, 6.0, 10.0, 6.0, 6.0, 6.0])
('Fremont-Colorado', 'PM10', [1.0, 1.0, 2.0, 1.0, 0.0, 4.0, 3.0, 0.0, 1.0, 2.0, 4.0, 1.0, 2.0, 4.0, 3.0, 3.0, 4.0, 5.0, 3.0, 5.0, 3.0])
('Fremont-Wyoming', 'PM10', [3.0, 2.0, 3.0, 1.0, 3.0, 3.0, 2.0, 4.0, 3.0, 4.0, 2.0, 1.0, 1.0, 3.0, 1.0, 1.0, 4.0, 0.0, 0.0, 2.0, 1.0])
('Fresno-California', 'PM10', [1.0, 5.0, 5.0, 4.0, 6.0, 6.0, 6.0, 6.0, 6.0, 5.0, 6.0, 5.0, 5.0, 5.0, 6.0, 3.0, 5.0, 4.0, 6.0, 5.0, 5.0])
('Fulton-Georgia', 'PM10', [7.0, 6.0, 6.0, 3.0, 1.0, 6.0, 3.0, 2.0, 4.0, 4.0, 6.0, 6.0, 6.0, 6.0, 6.0, 0.0, 3.0, 1.0, 4.0, 6.0, 1.0])
('Galveston-Texas', 'PM10', [5.0, 6.0, 3.0, 6.0, 5.0, 6.0, 4.0, 5.0, 6.0, 6.0, 7.0, 5.0, 6.0, 6.0, 6.0, 3.0, 6.0, 6.0, 2.0, 4.0, 4.0])
('Garfield-Colorado', 'PM10', [3.0, 5.0, 5.0, 6.0, 6.0, 4.0, 2.0, 5.0, 4.0, 2.0, 1.0, 1.0, 1.0, 3.0, 6.0, 5.0, 5.0, 2.0, 1.0, 3.0, 3.0])
('Gila-Arizona', 'PM10', [5.0, 7.0, 0.0, 5.0, 5.0, 6.0, 6.0, 5.0, 2.0, 0.0, 0.0, 1.0, 2.0, 1.0, 2.0, 3.0, 2.0, 3.0, 1.0, 0.0, 1.0])
('Guayama-Puerto Rico', 'PM10', [8.0, 9.0, 12.0, 11.0, 7.0, 9.0, 8.0, 9.0, 7.0, 7.0, 8.0, 6.0, 8.0, 7.0, 9.0, 7.0, 7.0, 7.0, 7.0, 6.0, 8.0])
('Guaynabo-Puerto Rico', 'PM10', [8.0, 8.0, 9.0, 11.0, 10.0, 8.0, 10.0, 11.0, 9.0, 10.0, 10.0, 9.0, 7.0, 5.0, 8.0, 8.0, 6.0, 6.0, 2.0, 8.0, 8.0])
('Guilford-North Carolina', 'PM10', [6.0, 6.0, 3.0, 4.0, 8.0, 2.0, 3.0, 4.0, 4.0, 4.0, 4.0, 4.0, 3.0, 3.0, 4.0, 2.0, 1.0, 6.0, 4.0, 0.0, 2.0])
('Hamilton-Ohio', 'PM10', [7.0, 10.0, 8.0, 6.0, 6.0, 6.0, 6.0, 3.0, 6.0, 3.0, 4.0, 6.0, 8.0, 4.0, 6.0, 6.0, 4.0, 3.0, 4.0, 3.0, 3.0])
('Hamilton-Tennessee', 'PM10', [6.0, 8.0, 5.0, 6.0, 6.0, 10.0, 8.0, 7.0, 6.0, 3.0, 7.0, 4.0, 6.0, 3.0, 3.0, 5.0, 3.0, 1.0, 5.0, 2.0, 10.0])
('Hampden-Massachusetts', 'PM10', [3.0, 8.0, 5.0, 6.0, 7.0, 6.0, 8.0, 3.0, 4.0, 2.0, 2.0, 2.0, 4.0, 6.0, 3.0, 3.0, 3.0, 1.0, 1.0, 0.0, 1.0])
('Hampshire-Massachusetts', 'PM10', [2.0, 1.0, 3.0, 1.0, 3.0, 2.0, 3.0, 3.0, 3.0, 2.0, 1.0, 2.0, 2.0, 2.0, 1.0, 1.0, 2.0, 2.0, 2.0, 0.0, 0.0])
('Hartford-Connecticut', 'PM10', [3.0, 2.0, 3.0, 3.0, 3.0, 3.0, 2.0, 3.0, 4.0, 5.0, 0.0, 3.0, 4.0, 1.0, 3.0, 1.0, 4.0, 2.0, 2.0, 0.0, 3.0])
('Hillsborough-Florida', 'PM10', [6.0, 7.0, 9.0, 7.0, 6.0, 7.0, 8.0, 0.0, 8.0, 8.0, 6.0, 6.0, 10.0, 6.0, 6.0, 4.0, 7.0, 7.0, 6.0, 3.0, 3.0])
('Hudson-New Jersey', 'PM10', [6.0, 7.0, 6.0, 5.0, 8.0, 7.0, 6.0, 8.0, 5.0, 8.0, 2.0, 4.0, 7.0, 5.0, 2.0, 2.0, 6.0, 6.0, 5.0, 4.0, 5.0])
('Imperial-California', 'PM10', [4.0, 10.0, 6.0, 6.0, 6.0, 8.0, 6.0, 12.0, 8.0, 6.0, 5.0, 5.0, 6.0, 5.0, 6.0, 6.0, 4.0, 5.0, 3.0, 6.0, 2.0])
('Inyo-California', 'PM10', [0.0, 0.0, 0.0, 1.0, 0.0, 0.0, 0.0, 0.0, 0.0, 0.0, 0.0, 0.0, 1.0, 0.0, 0.0, 0.0, 0.0, 0.0, 0.0, 0.0, 2.0])
('Jackson-Missouri', 'PM10', [2.0, 4.0, 1.0, 2.0, 5.0, 0.0, 5.0, 10.0, 5.0, 5.0, 6.0, 4.0, 6.0, 4.0, 6.0, 6.0, 6.0, 7.0, 5.0, 5.0, 5.0])
('Jackson-Oregon', 'PM10', [1.0, 1.0, 2.0, 4.0, 3.0, 1.0, 2.0, 1.0, 3.0, 4.0, 3.0, 3.0, 4.0, 3.0, 0.0, 0.0, 1.0, 3.0, 4.0, 0.0, 0.0])
('Juneau -Alaska', 'PM10', [1.0, 1.0, 1.0, 2.0, 1.0, 0.0, 0.0, 1.0, 2.0, 1.0, 0.0, 0.0, 0.0, 1.0, 1.0, 0.0, 1.0, 1.0, 0.0, 1.0, 0.0])
('Kennebec-Maine', 'PM10', [1.0, 7.0, 7.0, 4.0, 5.0, 6.0, 5.0, 2.0, 0.0, 4.0, 0.0, 2.0, 2.0, 6.0, 0.0, 0.0, 0.0, 3.0, 2.0, 2.0, 2.0])
('Kent-Michigan', 'PM10', [3.0, 6.0, 4.0, 5.0, 4.0, 6.0, 6.0, 6.0, 6.0, 6.0, 4.0, 2.0, 5.0, 2.0, 0.0, 1.0, 2.0, 0.0, 3.0, 4.0, 4.0])
('Kent-Rhode Island', 'PM10', [1.0, 3.0, 5.0, 5.0, 3.0, 2.0, 2.0, 2.0, 3.0, 2.0, 1.0, 2.0, 2.0, 3.0, 3.0, 2.0, 2.0, 2.0, 2.0, 1.0, 0.0])
('King William-Virginia', 'PM10', [3.0, 6.0, 4.0, 4.0, 6.0, 3.0, 5.0, 5.0, 2.0, 6.0, 8.0, 6.0, 5.0, 6.0, 2.0, 2.0, 2.0, 4.0, 1.0, 3.0, 3.0])
('Kings-California', 'PM10', [5.0, 6.0, 8.0, 4.0, 5.0, 6.0, 6.0, 11.0, 1.0, 4.0, 6.0, 4.0, 6.0, 6.0, 6.0, 5.0, 5.0, 6.0, 6.0, 6.0, 8.0])
('La Plata-Colorado', 'PM10', [4.0, 0.0, 2.0, 0.0, 2.0, 1.0, 3.0, 1.0, 0.0, 1.0, 3.0, 2.0, 5.0, 6.0, 6.0, 3.0, 6.0, 6.0, 4.0, 5.0, 5.0])
('Lake-Ohio', 'PM10', [3.0, 6.0, 4.0, 6.0, 4.0, 4.0, 5.0, 2.0, 6.0, 2.0, 2.0, 1.0, 2.0, 3.0, 2.0, 3.0, 1.0, 1.0, 3.0, 4.0, 2.0])
('Lane-Oregon', 'PM10', [4.0, 2.0, 4.0, 1.0, 1.0, 3.0, 0.0, 2.0, 2.0, 2.0, 1.0, 2.0, 2.0, 1.0, 1.0, 0.0, 1.0, 2.0, 2.0, 2.0, 2.0])
('Laramie-Wyoming', 'PM10', [1.0, 1.0, 1.0, 2.0, 3.0, 4.0, 5.0, 3.0, 2.0, 3.0, 1.0, 1.0, 1.0, 1.0, 1.0, 1.0, 2.0, 0.0, 1.0, 0.0, 1.0])
('Larimer-Colorado', 'PM10', [5.0, 4.0, 3.0, 3.0, 0.0, 3.0, 4.0, 3.0, 4.0, 3.0, 2.0, 4.0, 2.0, 2.0, 3.0, 4.0, 3.0, 6.0, 3.0, 3.0, 2.0])
('Lincoln-Wyoming', 'PM10', [1.0, 1.0, 1.0, 1.0, 1.0, 1.0, 1.0, 1.0, 0.0, 0.0, 0.0, 0.0, 0.0, 0.0, 0.0, 0.0, 0.0, 2.0, 3.0, 3.0, 0.0])
('Linn-Iowa', 'PM10', [4.0, 6.0, 5.0, 4.0, 3.0, 6.0, 8.0, 8.0, 4.0, 7.0, 5.0, 5.0, 6.0, 1.0, 1.0, 4.0, 2.0, 6.0, 2.0, 2.0, 1.0])
('Lorain-Ohio', 'PM10', [3.0, 6.0, 5.0, 2.0, 3.0, 4.0, 4.0, 4.0, 2.0, 6.0, 5.0, 5.0, 3.0, 9.0, 6.0, 5.0, 2.0, 1.0, 2.0, 2.0, 3.0])
('Los Angeles-California', 'PM10', [5.0, 3.0, 5.0, 2.0, 5.0, 6.0, 4.0, 0.0, 3.0, 1.0, 1.0, 3.0, 2.0, 4.0, 1.0, 1.0, 2.0, 3.0, 1.0, 4.0, 2.0])
('Mahoning-Ohio', 'PM10', [5.0, 8.0, 8.0, 6.0, 5.0, 4.0, 5.0, 5.0, 5.0, 1.0, 3.0, 4.0, 5.0, 5.0, 1.0, 6.0, 5.0, 3.0, 0.0, 0.0, 2.0])
('Maricopa-Arizona', 'PM10', [6.0, 4.0, 5.0, 2.0, 2.0, 4.0, 4.0, 6.0, 3.0, 3.0, 2.0, 1.0, 2.0, 1.0, 2.0, 2.0, 0.0, 3.0, 3.0, 5.0, 2.0])
('Marin-California', 'PM10', [7.0, 5.0, 8.0, 2.0, 2.0, 6.0, 6.0, 6.0, 3.0, 6.0, 6.0, 5.0, 5.0, 7.0, 6.0, 6.0, 6.0, 3.0, 4.0, 4.0, 4.0])
('Mesa-Colorado', 'PM10', [5.0, 2.0, 6.0, 5.0, 6.0, 6.0, 6.0, 6.0, 5.0, 8.0, 0.0, 6.0, 5.0, 4.0, 4.0, 4.0, 5.0, 5.0, 3.0, 3.0, 4.0])
('Miami-Dade-Florida', 'PM10', [9.0, 7.0, 10.0, 9.0, 8.0, 6.0, 8.0, 8.0, 10.0, 8.0, 9.0, 10.0, 10.0, 8.0, 8.0, 9.0, 7.0, 9.0, 10.0, 8.0, 8.0])
('Milwaukee-Wisconsin', 'PM10', [6.0, 6.0, 6.0, 3.0, 6.0, 6.0, 8.0, 6.0, 5.0, 5.0, 6.0, 3.0, 6.0, 3.0, 4.0, 4.0, 4.0, 6.0, 2.0, 5.0, 4.0])
('Mono-California', 'PM10', [0.0, 2.0, 0.0, 2.0, 2.0, 1.0, 1.0, 2.0, 1.0, 1.0, 1.0, 1.0, 1.0, 1.0, 0.0, 0.0, 0.0, 0.0, 0.0, 0.0, 2.0])
('Montgomery-Ohio', 'PM10', [0.0, 6.0, 6.0, 7.0, 6.0, 6.0, 6.0, 4.0, 6.0, 3.0, 6.0, 6.0, 8.0, 2.0, 6.0, 6.0, 3.0, 3.0, 6.0, 4.0, 5.0])
('Napa-California', 'PM10', [4.0, 6.0, 6.0, 6.0, 6.0, 6.0, 6.0, 6.0, 6.0, 0.0, 5.0, 6.0, 6.0, 6.0, 7.0, 6.0, 6.0, 4.0, 4.0, 6.0, 1.0])
('Natrona-Wyoming', 'PM10', [4.0, 5.0, 2.0, 1.0, 6.0, 2.0, 4.0, 4.0, 3.0, 2.0, 4.0, 1.0, 2.0, 3.0, 0.0, 2.0, 0.0, 0.0, 0.0, 0.0, 0.0])
('Norfolk City-Virginia', 'PM10', [5.0, 9.0, 9.0, 8.0, 7.0, 8.0, 8.0, 6.0, 6.0, 8.0, 7.0, 6.0, 6.0, 5.0, 2.0, 3.0, 4.0, 3.0, 3.0, 1.0, 1.0])
('Nueces-Texas', 'PM10', [9.0, 6.0, 12.0, 11.0, 11.0, 7.0, 6.0, 4.0, 9.0, 9.0, 8.0, 8.0, 5.0, 10.0, 6.0, 6.0, 5.0, 2.0, 8.0, 6.0, 4.0])
('Orange-California', 'PM10', [6.0, 5.0, 8.0, 6.0, 13.0, 8.0, 5.0, 10.0, 8.0, 7.0, 2.0, 8.0, 7.0, 6.0, 5.0, 3.0, 6.0, 5.0, 6.0, 6.0, 2.0])
('Park-Wyoming', 'PM10', [2.0, 2.0, 3.0, 2.0, 2.0, 3.0, 1.0, 3.0, 2.0, 4.0, 1.0, 0.0, 3.0, 1.0, 1.0, 2.0, 1.0, 3.0, 0.0, 0.0, 0.0])
('Pennington-South Dakota', 'PM10', [2.0, 3.0, 2.0, 4.0, 1.0, 2.0, 2.0, 6.0, 4.0, 5.0, 4.0, 3.0, 6.0, 3.0, 5.0, 6.0, 3.0, 4.0, 5.0, 4.0, 2.0])
('Penobscot-Maine', 'PM10', [0.0, 1.0, 1.0, 4.0, 6.0, 4.0, 6.0, 5.0, 6.0, 4.0, 2.0, 3.0, 3.0, 2.0, 1.0, 2.0, 2.0, 3.0, 1.0, 2.0, 5.0])
('Pima-Arizona', 'PM10', [1.0, 1.0, 1.0, 1.0, 2.0, 3.0, 2.0, 0.0, 1.0, 0.0, 0.0, 1.0, 1.0, 1.0, 4.0, 1.0, 1.0, 3.0, 0.0, 1.0, 1.0])
('Pinellas-Florida', 'PM10', [7.0, 7.0, 8.0, 8.0, 7.0, 7.0, 9.0, 6.0, 7.0, 7.0, 4.0, 6.0, 7.0, 5.0, 4.0, 6.0, 6.0, 6.0, 5.0, 4.0, 6.0])
('Pitkin-Colorado', 'PM10', [5.0, 3.0, 5.0, 4.0, 3.0, 1.0, 3.0, 5.0, 4.0, 4.0, 4.0, 4.0, 2.0, 3.0, 2.0, 3.0, 3.0, 3.0, 3.0, 3.0, 2.0])
('Platte-Wyoming', 'PM10', [1.0, 1.0, 5.0, 3.0, 4.0, 5.0, 5.0, 3.0, 4.0, 1.0, 6.0, 4.0, 3.0, 4.0, 0.0, 1.0, 0.0, 3.0, 2.0, 2.0, 2.0])
('Ponce-Puerto Rico', 'PM10', [11.0, 13.0, 12.0, 11.0, 13.0, 17.0, 11.0, 15.0, 6.0, 12.0, 14.0, 14.0, 6.0, 5.0, 14.0, 10.0, 11.0, 7.0, 7.0, 7.0, 6.0])
('Prowers-Colorado', 'PM10', [2.0, 1.0, 1.0, 0.0, 0.0, 4.0, 1.0, 1.0, 0.0, 1.0, 2.0, 1.0, 4.0, 3.0, 1.0, 2.0, 4.0, 3.0, 4.0, 4.0, 2.0])
('Pueblo-Colorado', 'PM10', [6.0, 9.0, 6.0, 4.0, 1.0, 1.0, 6.0, 4.0, 6.0, 2.0, 5.0, 6.0, 5.0, 6.0, 3.0, 5.0, 4.0, 4.0, 2.0, 6.0, 3.0])
('Pulaski-Arkansas', 'PM10', [4.0, 5.0, 4.0, 8.0, 7.0, 7.0, 6.0, 6.0, 8.0, 6.0, 6.0, 6.0, 7.0, 5.0, 6.0, 3.0, 6.0, 4.0, 4.0, 2.0, 3.0])
('Roane-Tennessee', 'PM10', [3.0, 3.0, 7.0, 7.0, 5.0, 4.0, 2.0, 6.0, 3.0, 6.0, 6.0, 2.0, 6.0, 1.0, 1.0, 1.0, 3.0, 4.0, 1.0, 0.0, 1.0])
('Sacramento-California', 'PM10', [1.0, 3.0, 0.0, 5.0, 4.0, 2.0, 2.0, 5.0, 4.0, 6.0, 4.0, 3.0, 3.0, 4.0, 5.0, 3.0, 3.0, 1.0, 3.0, 1.0, 2.0])
('San Diego-California', 'PM10', [5.0, 6.0, 6.0, 7.0, 8.0, 10.0, 8.0, 1.0, 0.0, 1.0, 2.0, 6.0, 1.0, 0.0, 0.0, 0.0, 0.0, 0.0, 1.0, 0.0, 0.0])
('San Francisco-California', 'PM10', [7.0, 7.0, 7.0, 8.0, 7.0, 8.0, 7.0, 6.0, 6.0, 4.0, 5.0, 6.0, 3.0, 6.0, 5.0, 6.0, 6.0, 4.0, 4.0, 4.0, 2.0])
('San Joaquin-California', 'PM10', [6.0, 6.0, 7.0, 6.0, 6.0, 6.0, 8.0, 6.0, 7.0, 7.0, 6.0, 5.0, 4.0, 6.0, 6.0, 5.0, 5.0, 5.0, 4.0, 2.0, 6.0])
('San Miguel-Colorado', 'PM10', [5.0, 4.0, 4.0, 3.0, 3.0, 4.0, 1.0, 2.0, 1.0, 1.0, 1.0, 4.0, 1.0, 0.0, 2.0, 1.0, 3.0, 3.0, 2.0, 4.0, 2.0])
('Santa Cruz-Arizona', 'PM10', [3.0, 7.0, 6.0, 5.0, 12.0, 6.0, 8.0, 12.0, 6.0, 3.0, 4.0, 6.0, 9.0, 5.0, 7.0, 7.0, 9.0, 6.0, 5.0, 5.0, 7.0])
('Scioto-Ohio', 'PM10', [6.0, 6.0, 5.0, 4.0, 6.0, 6.0, 1.0, 6.0, 9.0, 7.0, 6.0, 9.0, 9.0, 6.0, 7.0, 9.0, 7.0, 7.0, 7.0, 8.0, 6.0])
('Scott-Iowa', 'PM10', [16.0, 2.0, 4.0, 3.0, 3.0, 7.0, 8.0, 8.0, 3.0, 6.0, 2.0, 2.0, 3.0, 2.0, 2.0, 5.0, 2.0, 6.0, 3.0, 3.0, 2.0])
('Shelby-Tennessee', 'PM10', [6.0, 11.0, 6.0, 8.0, 5.0, 7.0, 6.0, 6.0, 2.0, 6.0, 6.0, 6.0, 0.0, 5.0, 6.0, 4.0, 4.0, 8.0, 4.0, 6.0, 5.0])
('Sherman-Kansas', 'PM10', [5.0, 2.0, 3.0, 6.0, 1.0, 2.0, 6.0, 4.0, 5.0, 0.0, 8.0, 7.0, 3.0, 3.0, 4.0, 4.0, 2.0, 3.0, 5.0, 0.0, 0.0])
('Siskiyou-California', 'PM10', [1.0, 1.0, 0.0, 0.0, 0.0, 0.0, 0.0, 0.0, 0.0, 0.0, 0.0, 0.0, 0.0, 0.0, 0.0, 2.0, 3.0, 3.0, 3.0, 2.0, 3.0])
('Stanislaus-California', 'PM10', [7.0, 6.0, 7.0, 6.0, 6.0, 6.0, 7.0, 7.0, 7.0, 8.0, 6.0, 6.0, 5.0, 8.0, 7.0, 6.0, 6.0, 6.0, 7.0, 4.0, 6.0])
('Suffolk-Massachusetts', 'PM10', [2.0, 1.0, 1.0, 1.0, 3.0, 4.0, 0.0, 4.0, 2.0, 0.0, 2.0, 3.0, 1.0, 1.0, 4.0, 1.0, 1.0, 1.0, 3.0, 0.0, 2.0])
('Tarrant-Texas', 'PM10', [6.0, 6.0, 5.0, 6.0, 5.0, 3.0, 7.0, 6.0, 2.0, 7.0, 6.0, 4.0, 6.0, 4.0, 2.0, 3.0, 2.0, 5.0, 1.0, 4.0, 6.0])
('Tehama-California', 'PM10', [6.0, 5.0, 6.0, 6.0, 6.0, 6.0, 5.0, 5.0, 5.0, 5.0, 5.0, 3.0, 5.0, 5.0, 5.0, 3.0, 5.0, 4.0, 3.0, 1.0, 3.0])
('Trumbull-Ohio', 'PM10', [3.0, 6.0, 6.0, 6.0, 4.0, 3.0, 5.0, 3.0, 5.0, 1.0, 0.0, 1.0, 3.0, 3.0, 1.0, 1.0, 4.0, 3.0, 0.0, 0.0, 0.0])
('Tulare-California', 'PM10', [6.0, 6.0, 6.0, 5.0, 6.0, 6.0, 6.0, 12.0, 6.0, 9.0, 7.0, 5.0, 8.0, 8.0, 10.0, 6.0, 6.0, 6.0, 6.0, 7.0, 5.0])
('Union-Tennessee', 'PM10', [3.0, 2.0, 6.0, 1.0, 5.0, 6.0, 3.0, 2.0, 1.0, 2.0, 4.0, 2.0, 5.0, 1.0, 1.0, 4.0, 1.0, 2.0, 1.0, 4.0, 2.0])
('Utah-Utah', 'PM10', [4.0, 4.0, 3.0, 4.0, 0.0, 1.0, 3.0, 4.0, 1.0, 2.0, 1.0, 1.0, 0.0, 2.0, 0.0, 3.0, 0.0, 2.0, 0.0, 0.0, 0.0])
('Vanderburgh-Indiana', 'PM10', [6.0, 8.0, 3.0, 8.0, 3.0, 7.0, 6.0, 8.0, 9.0, 5.0, 7.0, 2.0, 6.0, 4.0, 6.0, 6.0, 3.0, 7.0, 3.0, 3.0, 3.0])
('Wayne-Michigan', 'PM10', [2.0, 5.0, 1.0, 2.0, 2.0, 6.0, 4.0, 5.0, 6.0, 5.0, 3.0, 5.0, 6.0, 3.0, 2.0, 1.0, 1.0, 0.0, 2.0, 3.0, 4.0])
('Webb-Texas', 'PM10', [6.0, 14.0, 7.0, 4.0, 8.0, 3.0, 11.0, 5.0, 5.0, 6.0, 5.0, 7.0, 3.0, 8.0, 5.0, 4.0, 4.0, 6.0, 3.0, 3.0, 4.0])
('Weber-Utah', 'PM10', [4.0, 3.0, 5.0, 6.0, 1.0, 4.0, 3.0, 5.0, 2.0, 3.0, 1.0, 2.0, 5.0, 3.0, 0.0, 3.0, 0.0, 2.0, 0.0, 2.0, 3.0])
('Weld-Colorado', 'PM10', [1.0, 1.0, 3.0, 0.0, 3.0, 0.0, 1.0, 4.0, 4.0, 3.0, 1.0, 4.0, 2.0, 3.0, 3.0, 3.0, 3.0, 6.0, 3.0, 3.0, 3.0])
('Winchester City-Virginia', 'PM10', [3.0, 8.0, 6.0, 7.0, 1.0, 6.0, 6.0, 3.0, 5.0, 6.0, 3.0, 6.0, 5.0, 6.0, 4.0, 3.0, 2.0, 2.0, 1.0, 3.0, 3.0])
('Yakima-Washington', 'PM10', [3.0, 4.0, 6.0, 4.0, 1.0, 5.0, 6.0, 7.0, 5.0, 6.0, 6.0, 2.0, 6.0, 5.0, 5.0, 5.0, 3.0, 3.0, 1.0, 4.0, 6.0])
('Yolo-California', 'PM10', [6.0, 6.0, 6.0, 6.0, 3.0, 5.0, 4.0, 5.0, 4.0, 1.0, 5.0, 4.0, 4.0, 5.0, 5.0, 5.0, 4.0, 1.0, 2.0, 1.0, 3.0])
