('Abbeville-South Carolina', 'OZONE', [5.0, 7.0, 0.0, 7.0, 8.0, 14.0, 17.0, 3.0, 5.0, 8.0, 11.0, 11.0, 16.0, 14.0, 6.0, 10.0, 6.0, 10.0, 15.0, 7.0, 6.0])
('Adams-Colorado', 'OZONE', [0.0, 0.0, 0.0, 0.0, 0.0, 0.0, 0.0, 0.0, 0.0, 0.0, 0.0, 1.0, 1.0, 2.0, 4.0, 3.0, 4.0, 0.0, 1.0, 2.0, 0.0])
('Adams-Illinois', 'OZONE', [2.0, 3.0, 3.0, 2.0, 3.0, 4.0, 3.0, 3.0, 4.0, 5.0, 3.0, 7.0, 8.0, 9.0, 7.0, 8.0, 11.0, 5.0, 7.0, 10.0, 13.0])
('Alameda-California', 'OZONE', [2.0, 2.0, 1.0, 1.0, 0.0, 2.0, 0.0, 0.0, 0.0, 0.0, 0.0, 2.0, 3.0, 1.0, 2.0, 1.0, 0.0, 3.0, 2.0, 4.0, 3.0])
('Albany-New York', 'OZONE', [1.0, 2.0, 2.0, 1.0, 0.0, 3.0, 2.0, 0.0, 3.0, 2.0, 5.0, 3.0, 3.0, 6.0, 7.0, 10.0, 6.0, 8.0, 4.0, 6.0, 6.0])
('Allegheny-Pennsylvania', 'OZONE', [2.0, 0.0, 3.0, 1.0, 0.0, 0.0, 1.0, 1.0, 1.0, 0.0, 1.0, 1.0, 1.0, 3.0, 4.0, 1.0, 3.0, 7.0, 4.0, 1.0, 0.0])
('Allen-Indiana', 'OZONE', [5.0, 8.0, 11.0, 20.0, 20.0, 3.0, 10.0, 19.0, 14.0, 8.0, 3.0, 10.0, 9.0, 8.0, 14.0, 12.0, 12.0, 14.0, 17.0, 12.0, 19.0])
('Allen-Ohio', 'OZONE', [4.0, 7.0, 4.0, 6.0, 8.0, 10.0, 11.0, 3.0, 10.0, 2.0, 5.0, 9.0, 11.0, 15.0, 15.0, 10.0, 13.0, 17.0, 15.0, 14.0, 15.0])
('Amador-California', 'OZONE', [8.0, 8.0, 4.0, 8.0, 8.0, 3.0, 10.0, 3.0, 6.0, 3.0, 3.0, 8.0, 4.0, 2.0, 8.0, 3.0, 7.0, 6.0, 1.0, 10.0, 6.0])
('Anne Arundel-Maryland', 'OZONE', [0.0, 2.0, 0.0, 3.0, 1.0, 0.0, 0.0, 1.0, 0.0, 0.0, 3.0, 12.0, 16.0, 15.0, 9.0, 14.0, 12.0, 15.0, 12.0, 14.0, 11.0])
('Anoka-Minnesota', 'OZONE', [3.0, 1.0, 3.0, 3.0, 3.0, 9.0, 10.0, 8.0, 3.0, 3.0, 2.0, 3.0, 1.0, 3.0, 6.0, 12.0, 5.0, 7.0, 4.0, 0.0, 2.0])
('Arapahoe-Colorado', 'OZONE', [0.0, 1.0, 7.0, 5.0, 8.0, 2.0, 4.0, 3.0, 2.0, 6.0, 4.0, 9.0, 7.0, 17.0, 4.0, 8.0, 13.0, 11.0, 15.0, 18.0, 13.0])
('Arlington-Virginia', 'OZONE', [2.0, 2.0, 11.0, 1.0, 1.0, 0.0, 10.0, 4.0, 1.0, 1.0, 0.0, 9.0, 10.0, 5.0, 6.0, 2.0, 8.0, 6.0, 0.0, 12.0, 10.0])
('Ascension-Louisiana', 'OZONE', [3.0, 5.0, 4.0, 3.0, 4.0, 6.0, 7.0, 6.0, 5.0, 10.0, 4.0, 8.0, 8.0, 3.0, 8.0, 8.0, 3.0, 8.0, 3.0, 5.0, 9.0])
('Ashtabula-Ohio', 'OZONE', [4.0, 9.0, 7.0, 11.0, 19.0, 11.0, 14.0, 8.0, 13.0, 1.0, 6.0, 19.0, 14.0, 19.0, 14.0, 16.0, 13.0, 11.0, 19.0, 17.0, 17.0])
('Atlantic-New Jersey', 'OZONE', [3.0, 5.0, 4.0, 3.0, 7.0, 3.0, 7.0, 6.0, 2.0, 1.0, 4.0, 6.0, 6.0, 10.0, 14.0, 8.0, 12.0, 7.0, 13.0, 14.0, 7.0])
('Barnstable-Massachusetts', 'OZONE', [19.0, 15.0, 7.0, 6.0, 18.0, 10.0, 12.0, 15.0, 22.0, 19.0, 21.0, 19.0, 20.0, 18.0, 13.0, 17.0, 14.0, 19.0, 19.0, 16.0, 19.0])
('Beaver-Pennsylvania', 'OZONE', [0.0, 3.0, 5.0, 3.0, 0.0, 0.0, 2.0, 3.0, 4.0, 2.0, 5.0, 6.0, 0.0, 3.0, 6.0, 0.0, 3.0, 3.0, 0.0, 2.0, 0.0])
('Bell-Kentucky', 'OZONE', [12.0, 8.0, 10.0, 14.0, 7.0, 12.0, 5.0, 3.0, 0.0, 3.0, 4.0, 17.0, 5.0, 16.0, 11.0, 6.0, 10.0, 19.0, 13.0, 9.0, 9.0])
('Bennington-Vermont', 'OZONE', [17.0, 18.0, 12.0, 13.0, 12.0, 9.0, 13.0, 10.0, 5.0, 8.0, 5.0, 8.0, 5.0, 3.0, 14.0, 14.0, 7.0, 10.0, 12.0, 17.0, 15.0])
('Benzie-Michigan', 'OZONE', [16.0, 13.0, 14.0, 17.0, 17.0, 16.0, 19.0, 18.0, 19.0, 14.0, 18.0, 14.0, 15.0, 10.0, 12.0, 18.0, 8.0, 21.0, 15.0, 14.0, 14.0])
('Berks-Pennsylvania', 'OZONE', [5.0, 4.0, 9.0, 2.0, 3.0, 1.0, 3.0, 3.0, 4.0, 2.0, 3.0, 8.0, 8.0, 14.0, 3.0, 2.0, 3.0, 2.0, 2.0, 4.0, 2.0])
('Berrien-Michigan', 'OZONE', [16.0, 12.0, 5.0, 23.0, 15.0, 14.0, 14.0, 20.0, 11.0, 18.0, 5.0, 14.0, 18.0, 19.0, 5.0, 23.0, 19.0, 19.0, 18.0, 14.0, 16.0])
('Bexar-Texas', 'OZONE', [0.0, 2.0, 1.0, 3.0, 0.0, 4.0, 1.0, 5.0, 3.0, 7.0, 8.0, 2.0, 1.0, 0.0, 3.0, 6.0, 7.0, 9.0, 11.0, 2.0, 4.0])
('Blair-Pennsylvania', 'OZONE', [9.0, 2.0, 9.0, 6.0, 1.0, 0.0, 7.0, 6.0, 6.0, 3.0, 8.0, 14.0, 8.0, 11.0, 11.0, 2.0, 0.0, 1.0, 4.0, 4.0, 1.0])
('Blount-Tennessee', 'OZONE', [1.0, 11.0, 8.0, 7.0, 4.0, 11.0, 7.0, 11.0, 2.0, 13.0, 3.0, 11.0, 16.0, 15.0, 15.0, 19.0, 12.0, 11.0, 12.0, 9.0, 10.0])
('Boone-Kentucky', 'OZONE', [11.0, 10.0, 11.0, 4.0, 3.0, 4.0, 10.0, 7.0, 0.0, 0.0, 4.0, 3.0, 14.0, 1.0, 9.0, 12.0, 10.0, 11.0, 6.0, 5.0, 10.0])
('Bossier-Louisiana', 'OZONE', [8.0, 8.0, 4.0, 5.0, 8.0, 8.0, 5.0, 7.0, 3.0, 5.0, 7.0, 5.0, 0.0, 3.0, 7.0, 15.0, 12.0, 6.0, 6.0, 9.0, 6.0])
('Boulder-Colorado', 'OZONE', [4.0, 0.0, 3.0, 0.0, 1.0, 5.0, 3.0, 1.0, 2.0, 5.0, 0.0, 14.0, 0.0, 6.0, 7.0, 8.0, 15.0, 15.0, 7.0, 10.0, 16.0])
('Boyd-Kentucky', 'OZONE', [8.0, 3.0, 3.0, 4.0, 11.0, 3.0, 4.0, 4.0, 6.0, 7.0, 8.0, 8.0, 13.0, 20.0, 12.0, 13.0, 11.0, 9.0, 6.0, 1.0, 11.0])
('Brevard-Florida', 'OZONE', [5.0, 0.0, 8.0, 11.0, 8.0, 8.0, 11.0, 13.0, 4.0, 1.0, 11.0, 12.0, 3.0, 10.0, 8.0, 14.0, 12.0, 13.0, 14.0, 16.0, 13.0])
('Brewster-Texas', 'OZONE', [17.0, 9.0, 13.0, 19.0, 17.0, 14.0, 14.0, 12.0, 11.0, 11.0, 21.0, 18.0, 14.0, 15.0, 21.0, 19.0, 20.0, 22.0, 17.0, 13.0, 15.0])
('Bristol-Massachusetts', 'OZONE', [4.0, 5.0, 3.0, 3.0, 6.0, 8.0, 6.0, 17.0, 14.0, 18.0, 14.0, 11.0, 17.0, 16.0, 10.0, 16.0, 15.0, 14.0, 0.0, 12.0, 12.0])
('Bronx-New York', 'OZONE', [0.0, 1.0, 0.0, 0.0, 0.0, 1.0, 0.0, 0.0, 0.0, 0.0, 1.0, 0.0, 0.0, 1.0, 3.0, 1.0, 3.0, 1.0, 1.0, 0.0, 2.0])
('Broward-Florida', 'OZONE', [1.0, 2.0, 7.0, 8.0, 8.0, 5.0, 2.0, 4.0, 1.0, 1.0, 2.0, 3.0, 5.0, 5.0, 2.0, 3.0, 6.0, 9.0, 11.0, 6.0, 10.0])
('Brown-Wisconsin', 'OZONE', [14.0, 11.0, 14.0, 19.0, 15.0, 15.0, 14.0, 11.0, 12.0, 14.0, 9.0, 16.0, 5.0, 13.0, 9.0, 16.0, 16.0, 21.0, 14.0, 15.0, 17.0])
('Bucks-Pennsylvania', 'OZONE', [2.0, 7.0, 8.0, 4.0, 1.0, 0.0, 1.0, 8.0, 3.0, 2.0, 1.0, 1.0, 17.0, 14.0, 9.0, 0.0, 3.0, 1.0, 2.0, 3.0, 4.0])
('Bullitt-Kentucky', 'OZONE', [2.0, 10.0, 8.0, 5.0, 5.0, 0.0, 4.0, 3.0, 3.0, 3.0, 3.0, 6.0, 10.0, 9.0, 5.0, 1.0, 11.0, 11.0, 3.0, 0.0, 10.0])
('Buncombe-North Carolina', 'OZONE', [5.0, 8.0, 5.0, 15.0, 14.0, 8.0, 11.0, 6.0, 3.0, 7.0, 2.0, 12.0, 12.0, 14.0, 13.0, 9.0, 10.0, 18.0, 17.0, 17.0, 14.0])
('Butler-Ohio', 'OZONE', [4.0, 3.0, 5.0, 1.0, 9.0, 2.0, 4.0, 3.0, 6.0, 3.0, 6.0, 3.0, 5.0, 7.0, 13.0, 13.0, 3.0, 6.0, 6.0, 3.0, 8.0])
('Butte-California', 'OZONE', [2.0, 0.0, 3.0, 1.0, 1.0, 1.0, 4.0, 4.0, 4.0, 3.0, 3.0, 3.0, 10.0, 6.0, 6.0, 1.0, 2.0, 8.0, 6.0, 6.0, 6.0])
('Cabell-West Virginia', 'OZONE', [13.0, 4.0, 4.0, 5.0, 6.0, 3.0, 3.0, 6.0, 14.0, 3.0, 4.0, 8.0, 13.0, 14.0, 7.0, 9.0, 6.0, 13.0, 6.0, 4.0, 0.0])
('Cache-Utah', 'OZONE', [21.0, 19.0, 4.0, 14.0, 16.0, 15.0, 25.0, 18.0, 15.0, 2.0, 22.0, 6.0, 1.0, 8.0, 5.0, 5.0, 3.0, 7.0, 9.0, 5.0, 3.0])
('Caddo-Louisiana', 'OZONE', [10.0, 10.0, 5.0, 5.0, 13.0, 10.0, 9.0, 10.0, 4.0, 8.0, 11.0, 5.0, 8.0, 3.0, 7.0, 13.0, 14.0, 14.0, 7.0, 8.0, 7.0])
('Calaveras-California', 'OZONE', [6.0, 7.0, 6.0, 11.0, 13.0, 6.0, 3.0, 5.0, 5.0, 6.0, 4.0, 10.0, 10.0, 12.0, 10.0, 4.0, 8.0, 11.0, 7.0, 14.0, 9.0])
('Calcasieu-Louisiana', 'OZONE', [2.0, 4.0, 4.0, 6.0, 3.0, 8.0, 2.0, 6.0, 5.0, 4.0, 0.0, 8.0, 0.0, 1.0, 2.0, 10.0, 11.0, 12.0, 6.0, 4.0, 5.0])
('Camden-New Jersey', 'OZONE', [2.0, 1.0, 1.0, 1.0, 1.0, 2.0, 1.0, 1.0, 3.0, 2.0, 2.0, 2.0, 0.0, 3.0, 13.0, 9.0, 8.0, 2.0, 3.0, 3.0, 4.0])
('Campbell-Kentucky', 'OZONE', [5.0, 4.0, 6.0, 5.0, 3.0, 10.0, 7.0, 4.0, 0.0, 2.0, 7.0, 13.0, 10.0, 14.0, 11.0, 13.0, 8.0, 11.0, 15.0, 8.0, 14.0])
('Caroline-Virginia', 'OZONE', [3.0, 10.0, 7.0, 3.0, 6.0, 8.0, 8.0, 6.0, 13.0, 3.0, 2.0, 10.0, 16.0, 13.0, 6.0, 15.0, 12.0, 11.0, 11.0, 16.0, 12.0])
('Carroll-Maryland', 'OZONE', [11.0, 8.0, 11.0, 13.0, 10.0, 9.0, 3.0, 10.0, 12.0, 5.0, 3.0, 16.0, 15.0, 16.0, 10.0, 14.0, 9.0, 15.0, 18.0, 18.0, 13.0])
('Cass-Michigan', 'OZONE', [15.0, 12.0, 17.0, 4.0, 19.0, 14.0, 14.0, 20.0, 14.0, 16.0, 20.0, 12.0, 20.0, 15.0, 16.0, 21.0, 8.0, 19.0, 20.0, 15.0, 19.0])
('Cass-North Dakota', 'OZONE', [10.0, 7.0, 7.0, 3.0, 3.0, 8.0, 7.0, 7.0, 4.0, 6.0, 8.0, 7.0, 9.0, 8.0, 6.0, 7.0, 9.0, 6.0, 5.0, 6.0, 3.0])
('Caswell-North Carolina', 'OZONE', [14.0, 15.0, 10.0, 12.0, 12.0, 1.0, 18.0, 2.0, 7.0, 4.0, 8.0, 8.0, 12.0, 6.0, 9.0, 13.0, 16.0, 15.0, 12.0, 12.0, 11.0])
('Cecil-Maryland', 'OZONE', [7.0, 8.0, 11.0, 9.0, 4.0, 15.0, 15.0, 11.0, 11.0, 3.0, 0.0, 12.0, 13.0, 12.0, 13.0, 10.0, 10.0, 16.0, 17.0, 14.0, 10.0])
('Champaign-Illinois', 'OZONE', [2.0, 2.0, 3.0, 1.0, 5.0, 4.0, 1.0, 2.0, 1.0, 3.0, 5.0, 3.0, 6.0, 7.0, 6.0, 13.0, 9.0, 2.0, 8.0, 3.0, 6.0])
('Charles-Maryland', 'OZONE', [8.0, 13.0, 6.0, 0.0, 1.0, 5.0, 4.0, 7.0, 12.0, 3.0, 3.0, 14.0, 16.0, 16.0, 9.0, 13.0, 8.0, 11.0, 9.0, 17.0, 12.0])
('Charles-Virginia', 'OZONE', [13.0, 14.0, 5.0, 3.0, 12.0, 11.0, 14.0, 12.0, 13.0, 14.0, 3.0, 14.0, 17.0, 17.0, 8.0, 8.0, 10.0, 12.0, 12.0, 7.0, 15.0])
('Charleston-South Carolina', 'OZONE', [6.0, 8.0, 5.0, 8.0, 9.0, 3.0, 3.0, 9.0, 3.0, 8.0, 7.0, 15.0, 6.0, 12.0, 6.0, 13.0, 14.0, 13.0, 13.0, 10.0, 9.0])
('Chatham-Georgia', 'OZONE', [8.0, 8.0, 7.0, 13.0, 8.0, 14.0, 7.0, 3.0, 6.0, 9.0, 3.0, 11.0, 9.0, 9.0, 7.0, 12.0, 13.0, 12.0, 10.0, 11.0, 6.0])
('Chatham-North Carolina', 'OZONE', [12.0, 10.0, 4.0, 2.0, 8.0, 0.0, 16.0, 6.0, 10.0, 6.0, 3.0, 0.0, 9.0, 12.0, 10.0, 0.0, 12.0, 14.0, 9.0, 7.0, 11.0])
('Chautauqua-New York', 'OZONE', [8.0, 3.0, 3.0, 10.0, 9.0, 12.0, 4.0, 2.0, 8.0, 5.0, 6.0, 3.0, 10.0, 9.0, 15.0, 6.0, 14.0, 7.0, 16.0, 15.0, 13.0])
('Cheshire-New Hampshire', 'OZONE', [1.0, 5.0, 6.0, 6.0, 0.0, 0.0, 0.0, 11.0, 8.0, 10.0, 12.0, 8.0, 4.0, 2.0, 5.0, 5.0, 4.0, 2.0, 2.0, 6.0, 2.0])
('Chittenden-Vermont', 'OZONE', [16.0, 14.0, 14.0, 12.0, 14.0, 7.0, 3.0, 14.0, 13.0, 15.0, 8.0, 10.0, 4.0, 8.0, 14.0, 12.0, 9.0, 10.0, 10.0, 11.0, 18.0])
('Christian-Kentucky', 'OZONE', [17.0, 1.0, 14.0, 15.0, 14.0, 12.0, 8.0, 9.0, 1.0, 9.0, 9.0, 13.0, 12.0, 11.0, 12.0, 24.0, 15.0, 16.0, 15.0, 12.0, 11.0])
('Clackamas-Oregon', 'OZONE', [2.0, 8.0, 3.0, 6.0, 1.0, 5.0, 1.0, 11.0, 2.0, 3.0, 3.0, 9.0, 8.0, 12.0, 10.0, 11.0, 11.0, 16.0, 16.0, 16.0, 16.0])
('Clallam-Washington', 'OZONE', [3.0, 2.0, 2.0, 3.0, 2.0, 3.0, 3.0, 0.0, 0.0, 2.0, 12.0, 14.0, 14.0, 12.0, 12.0, 10.0, 14.0, 14.0, 12.0, 13.0, 10.0])
('Clark-Indiana', 'OZONE', [5.0, 10.0, 7.0, 8.0, 3.0, 3.0, 13.0, 3.0, 7.0, 3.0, 7.0, 3.0, 16.0, 10.0, 8.0, 20.0, 3.0, 13.0, 11.0, 11.0, 10.0])
('Clark-Nevada', 'OZONE', [0.0, 0.0, 0.0, 0.0, 0.0, 0.0, 0.0, 0.0, 0.0, 0.0, 0.0, 0.0, 0.0, 2.0, 0.0, 3.0, 0.0, 2.0, 2.0, 4.0, 0.0])
('Clark-Ohio', 'OZONE', [9.0, 11.0, 5.0, 6.0, 9.0, 0.0, 5.0, 4.0, 8.0, 3.0, 5.0, 8.0, 9.0, 0.0, 10.0, 9.0, 2.0, 8.0, 18.0, 13.0, 2.0])
('Clark-Washington', 'OZONE', [5.0, 3.0, 3.0, 1.0, 8.0, 10.0, 10.0, 13.0, 1.0, 9.0, 11.0, 8.0, 11.0, 8.0, 17.0, 7.0, 10.0, 13.0, 10.0, 12.0, 11.0])
('Clermont-Ohio', 'OZONE', [9.0, 5.0, 2.0, 10.0, 11.0, 1.0, 16.0, 4.0, 17.0, 4.0, 6.0, 8.0, 14.0, 15.0, 13.0, 14.0, 9.0, 12.0, 14.0, 14.0, 14.0])
('Cleveland-Oklahoma', 'OZONE', [4.0, 7.0, 7.0, 5.0, 9.0, 5.0, 3.0, 2.0, 11.0, 8.0, 1.0, 9.0, 10.0, 11.0, 3.0, 4.0, 6.0, 4.0, 11.0, 6.0, 6.0])
('Clinton-Michigan', 'OZONE', [15.0, 11.0, 11.0, 14.0, 16.0, 5.0, 16.0, 17.0, 14.0, 12.0, 17.0, 13.0, 15.0, 17.0, 3.0, 14.0, 3.0, 16.0, 19.0, 11.0, 10.0])
('Clinton-Ohio', 'OZONE', [10.0, 10.0, 10.0, 9.0, 14.0, 8.0, 16.0, 5.0, 14.0, 2.0, 6.0, 8.0, 11.0, 18.0, 15.0, 14.0, 9.0, 12.0, 16.0, 18.0, 11.0])
('Cochise-Arizona', 'OZONE', [16.0, 25.0, 19.0, 23.0, 19.0, 20.0, 17.0, 24.0, 19.0, 19.0, 24.0, 24.0, 17.0, 24.0, 22.0, 21.0, 23.0, 28.0, 21.0, 22.0, 23.0])
('Coconino-Arizona', 'OZONE', [23.0, 26.0, 20.0, 28.0, 30.0, 29.0, 23.0, 29.0, 25.0, 29.0, 29.0, 30.0, 28.0, 24.0, 23.0, 23.0, 18.0, 29.0, 25.0, 24.0, 22.0])
('Colleton-South Carolina', 'OZONE', [7.0, 7.0, 4.0, 13.0, 13.0, 3.0, 10.0, 8.0, 6.0, 4.0, 4.0, 11.0, 8.0, 8.0, 1.0, 8.0, 13.0, 11.0, 7.0, 9.0, 8.0])
('Collin-Texas', 'OZONE', [8.0, 10.0, 4.0, 3.0, 2.0, 4.0, 3.0, 6.0, 4.0, 3.0, 3.0, 7.0, 9.0, 2.0, 4.0, 8.0, 4.0, 15.0, 10.0, 6.0, 2.0])
('Columbia-Oregon', 'OZONE', [3.0, 12.0, 2.0, 8.0, 5.0, 9.0, 8.0, 8.0, 6.0, 12.0, 8.0, 10.0, 10.0, 8.0, 7.0, 7.0, 7.0, 8.0, 10.0, 13.0, 19.0])
('Columbia-Wisconsin', 'OZONE', [16.0, 18.0, 14.0, 17.0, 8.0, 17.0, 13.0, 17.0, 17.0, 8.0, 9.0, 14.0, 10.0, 14.0, 8.0, 19.0, 15.0, 17.0, 16.0, 15.0, 11.0])
('Colusa-California', 'OZONE', [4.0, 1.0, 7.0, 9.0, 8.0, 3.0, 8.0, 6.0, 2.0, 0.0, 2.0, 3.0, 7.0, 6.0, 7.0, 3.0, 0.0, 6.0, 6.0, 8.0, 7.0])
('Comanche-Oklahoma', 'OZONE', [5.0, 14.0, 8.0, 4.0, 9.0, 11.0, 5.0, 3.0, 7.0, 8.0, 4.0, 13.0, 8.0, 4.0, 5.0, 8.0, 8.0, 10.0, 11.0, 5.0, 11.0])
('Contra Costa-California', 'OZONE', [1.0, 1.0, 3.0, 2.0, 1.0, 2.0, 1.0, 1.0, 0.0, 1.0, 1.0, 3.0, 5.0, 3.0, 5.0, 3.0, 3.0, 0.0, 4.0, 4.0, 3.0])
('Cook-Illinois', 'OZONE', [0.0, 0.0, 0.0, 0.0, 0.0, 0.0, 0.0, 0.0, 2.0, 1.0, 0.0, 0.0, 0.0, 1.0, 0.0, 1.0, 0.0, 1.0, 0.0, 2.0, 0.0])
('Coos-New Hampshire', 'OZONE', [22.0, 28.0, 8.0, 8.0, 8.0, 8.0, 12.0, 8.0, 14.0, 4.0, 6.0, 11.0, 4.0, 14.0, 5.0, 10.0, 10.0, 1.0, 11.0, 13.0, 13.0])
('Crittenden-Arkansas', 'OZONE', [8.0, 3.0, 4.0, 3.0, 3.0, 1.0, 4.0, 6.0, 3.0, 4.0, 6.0, 8.0, 2.0, 7.0, 6.0, 8.0, 10.0, 0.0, 4.0, 6.0, 4.0])
('Cumberland-Maine', 'OZONE', [7.0, 5.0, 8.0, 13.0, 14.0, 15.0, 17.0, 3.0, 2.0, 1.0, 1.0, 1.0, 14.0, 8.0, 1.0, 4.0, 1.0, 6.0, 4.0, 6.0, 4.0])
('Cumberland-New Jersey', 'OZONE', [3.0, 6.0, 3.0, 2.0, 5.0, 3.0, 2.0, 5.0, 5.0, 5.0, 4.0, 7.0, 1.0, 4.0, 12.0, 7.0, 0.0, 10.0, 6.0, 9.0, 8.0])
('Cumberland-North Carolina', 'OZONE', [4.0, 12.0, 7.0, 0.0, 5.0, 9.0, 10.0, 0.0, 1.0, 8.0, 2.0, 5.0, 5.0, 3.0, 11.0, 16.0, 12.0, 13.0, 10.0, 0.0, 15.0])
('Cuyahoga-Ohio', 'OZONE', [0.0, 0.0, 1.0, 6.0, 1.0, 1.0, 3.0, 3.0, 0.0, 3.0, 0.0, 7.0, 8.0, 11.0, 6.0, 0.0, 3.0, 1.0, 0.0, 2.0, 2.0])
('Dane-Wisconsin', 'OZONE', [9.0, 8.0, 9.0, 3.0, 7.0, 7.0, 14.0, 10.0, 16.0, 2.0, 5.0, 3.0, 3.0, 8.0, 11.0, 15.0, 12.0, 5.0, 15.0, 16.0, 9.0])
('Darlington-South Carolina', 'OZONE', [7.0, 2.0, 3.0, 8.0, 6.0, 3.0, 3.0, 3.0, 3.0, 8.0, 3.0, 16.0, 5.0, 8.0, 9.0, 8.0, 15.0, 13.0, 12.0, 10.0, 12.0])
('Dauphin-Pennsylvania', 'OZONE', [4.0, 5.0, 8.0, 5.0, 3.0, 0.0, 9.0, 4.0, 2.0, 1.0, 3.0, 6.0, 6.0, 4.0, 7.0, 0.0, 0.0, 1.0, 3.0, 1.0, 2.0])
('Davidson-Tennessee', 'OZONE', [2.0, 3.0, 3.0, 1.0, 2.0, 2.0, 1.0, 3.0, 2.0, 6.0, 6.0, 1.0, 6.0, 7.0, 6.0, 1.0, 12.0, 9.0, 7.0, 7.0, 8.0])
('Daviess-Kentucky', 'OZONE', [8.0, 10.0, 9.0, 11.0, 8.0, 8.0, 8.0, 2.0, 2.0, 5.0, 7.0, 12.0, 12.0, 8.0, 9.0, 3.0, 16.0, 15.0, 20.0, 12.0, 12.0])
('Davis-Utah', 'OZONE', [25.0, 22.0, 19.0, 19.0, 28.0, 19.0, 22.0, 23.0, 21.0, 20.0, 21.0, 24.0, 15.0, 15.0, 28.0, 17.0, 20.0, 3.0, 1.0, 4.0, 2.0])
('Dawson-Georgia', 'OZONE', [3.0, 8.0, 8.0, 16.0, 14.0, 15.0, 13.0, 3.0, 11.0, 13.0, 10.0, 12.0, 13.0, 14.0, 8.0, 13.0, 11.0, 11.0, 13.0, 12.0, 9.0])
('DeKalb-Georgia', 'OZONE', [3.0, 3.0, 2.0, 2.0, 1.0, 2.0, 2.0, 2.0, 1.0, 2.0, 2.0, 2.0, 14.0, 4.0, 2.0, 2.0, 3.0, 2.0, 2.0, 4.0, 2.0])
('DeSoto-Mississippi', 'OZONE', [9.0, 0.0, 11.0, 11.0, 14.0, 12.0, 10.0, 4.0, 0.0, 9.0, 16.0, 11.0, 8.0, 10.0, 8.0, 15.0, 14.0, 11.0, 14.0, 5.0, 8.0])
('Denali -Alaska', 'OZONE', [10.0, 5.0, 10.0, 13.0, 11.0, 11.0, 12.0, 10.0, 14.0, 8.0, 9.0, 11.0, 13.0, 9.0, 12.0, 10.0, 14.0, 14.0, 12.0, 12.0, 10.0])
('Denton-Texas', 'OZONE', [4.0, 1.0, 2.0, 1.0, 1.0, 3.0, 4.0, 4.0, 6.0, 1.0, 3.0, 8.0, 6.0, 1.0, 0.0, 9.0, 3.0, 13.0, 6.0, 6.0, 4.0])
('Denver-Colorado', 'OZONE', [0.0, 0.0, 0.0, 0.0, 0.0, 0.0, 0.0, 0.0, 0.0, 0.0, 1.0, 4.0, 0.0, 2.0, 3.0, 1.0, 1.0, 2.0, 0.0, 0.0, 0.0])
('Dodge-Wisconsin', 'OZONE', [11.0, 17.0, 14.0, 17.0, 16.0, 10.0, 5.0, 12.0, 4.0, 3.0, 8.0, 3.0, 10.0, 10.0, 9.0, 14.0, 11.0, 10.0, 13.0, 10.0, 11.0])
('Dona Ana-New Mexico', 'OZONE', [8.0, 10.0, 1.0, 8.0, 1.0, 3.0, 7.0, 3.0, 8.0, 0.0, 4.0, 5.0, 8.0, 7.0, 0.0, 14.0, 6.0, 16.0, 10.0, 14.0, 11.0])
('Door-Wisconsin', 'OZONE', [20.0, 14.0, 14.0, 21.0, 18.0, 17.0, 14.0, 18.0, 17.0, 14.0, 16.0, 10.0, 19.0, 16.0, 0.0, 16.0, 16.0, 19.0, 13.0, 14.0, 14.0])
('Douglas-Colorado', 'OZONE', [3.0, 14.0, 5.0, 7.0, 11.0, 0.0, 1.0, 7.0, 1.0, 8.0, 4.0, 13.0, 6.0, 8.0, 8.0, 13.0, 11.0, 11.0, 7.0, 4.0, 7.0])
('Dutchess-New York', 'OZONE', [5.0, 3.0, 3.0, 1.0, 5.0, 3.0, 4.0, 6.0, 3.0, 4.0, 3.0, 7.0, 2.0, 9.0, 13.0, 8.0, 10.0, 4.0, 6.0, 9.0, 4.0])
('Duval-Florida', 'OZONE', [4.0, 8.0, 4.0, 6.0, 0.0, 0.0, 2.0, 3.0, 3.0, 0.0, 4.0, 9.0, 7.0, 9.0, 6.0, 6.0, 7.0, 6.0, 8.0, 12.0, 6.0])
('Edgefield-South Carolina', 'OZONE', [8.0, 7.0, 2.0, 0.0, 5.0, 2.0, 8.0, 5.0, 5.0, 8.0, 3.0, 8.0, 10.0, 11.0, 4.0, 14.0, 12.0, 11.0, 10.0, 8.0, 7.0])
('Edmonson-Kentucky', 'OZONE', [4.0, 3.0, 7.0, 6.0, 9.0, 7.0, 2.0, 8.0, 4.0, 8.0, 6.0, 6.0, 4.0, 5.0, 5.0, 11.0, 7.0, 11.0, 9.0, 6.0, 6.0])
('Effingham-Illinois', 'OZONE', [5.0, 8.0, 11.0, 9.0, 18.0, 8.0, 14.0, 0.0, 14.0, 3.0, 4.0, 10.0, 7.0, 0.0, 10.0, 2.0, 12.0, 14.0, 18.0, 13.0, 14.0])
('El Dorado-California', 'OZONE', [12.0, 16.0, 14.0, 20.0, 8.0, 14.0, 14.0, 14.0, 14.0, 12.0, 15.0, 14.0, 7.0, 10.0, 18.0, 10.0, 6.0, 12.0, 14.0, 13.0, 8.0])
('El Paso-Colorado', 'OZONE', [0.0, 1.0, 2.0, 4.0, 3.0, 3.0, 6.0, 2.0, 0.0, 6.0, 3.0, 8.0, 9.0, 8.0, 6.0, 10.0, 19.0, 12.0, 6.0, 13.0, 13.0])
('El Paso-Texas', 'OZONE', [3.0, 0.0, 7.0, 2.0, 1.0, 0.0, 0.0, 7.0, 0.0, 1.0, 0.0, 10.0, 2.0, 2.0, 0.0, 9.0, 2.0, 0.0, 5.0, 3.0, 9.0])
('Elkhart-Indiana', 'OZONE', [12.0, 8.0, 8.0, 10.0, 6.0, 4.0, 12.0, 8.0, 15.0, 14.0, 3.0, 9.0, 17.0, 16.0, 14.0, 19.0, 10.0, 17.0, 11.0, 9.0, 13.0])
('Elmore-Alabama', 'OZONE', [0.0, 8.0, 12.0, 8.0, 2.0, 13.0, 9.0, 3.0, 10.0, 14.0, 4.0, 14.0, 14.0, 12.0, 11.0, 15.0, 18.0, 15.0, 7.0, 13.0, 6.0])
('Erie-New York', 'OZONE', [3.0, 1.0, 3.0, 5.0, 5.0, 4.0, 3.0, 1.0, 1.0, 6.0, 2.0, 1.0, 7.0, 12.0, 11.0, 11.0, 14.0, 8.0, 7.0, 9.0, 6.0])
('Erie-Pennsylvania', 'OZONE', [1.0, 11.0, 8.0, 8.0, 18.0, 12.0, 14.0, 12.0, 12.0, 3.0, 8.0, 16.0, 12.0, 19.0, 13.0, 10.0, 9.0, 7.0, 12.0, 13.0, 14.0])
('Escambia-Florida', 'OZONE', [5.0, 6.0, 3.0, 2.0, 12.0, 10.0, 8.0, 11.0, 8.0, 9.0, 0.0, 7.0, 9.0, 10.0, 7.0, 12.0, 13.0, 12.0, 3.0, 10.0, 4.0])
('Essex-Massachusetts', 'OZONE', [0.0, 2.0, 1.0, 3.0, 3.0, 4.0, 2.0, 3.0, 4.0, 3.0, 8.0, 8.0, 2.0, 7.0, 10.0, 11.0, 9.0, 9.0, 3.0, 5.0, 5.0])
('Fairfax-Virginia', 'OZONE', [0.0, 0.0, 0.0, 1.0, 0.0, 1.0, 0.0, 0.0, 0.0, 0.0, 1.0, 0.0, 3.0, 0.0, 4.0, 11.0, 8.0, 9.0, 14.0, 6.0, 9.0])
('Fairfield-Connecticut', 'OZONE', [4.0, 3.0, 9.0, 8.0, 2.0, 0.0, 1.0, 13.0, 8.0, 5.0, 5.0, 7.0, 1.0, 7.0, 10.0, 4.0, 10.0, 8.0, 4.0, 13.0, 5.0])
('Fayette-Kentucky', 'OZONE', [3.0, 10.0, 8.0, 3.0, 8.0, 8.0, 2.0, 5.0, 0.0, 5.0, 4.0, 7.0, 10.0, 8.0, 6.0, 12.0, 8.0, 9.0, 7.0, 13.0, 11.0])
('Flathead-Montana', 'OZONE', [2.0, 4.0, 0.0, 8.0, 5.0, 6.0, 5.0, 2.0, 4.0, 3.0, 1.0, 10.0, 10.0, 2.0, 1.0, 4.0, 10.0, 7.0, 6.0, 4.0, 9.0])
('Fond du Lac-Wisconsin', 'OZONE', [11.0, 8.0, 14.0, 14.0, 16.0, 15.0, 14.0, 16.0, 15.0, 13.0, 8.0, 14.0, 16.0, 11.0, 9.0, 17.0, 15.0, 18.0, 16.0, 12.0, 12.0])
('Forsyth-North Carolina', 'OZONE', [8.0, 10.0, 4.0, 8.0, 8.0, 1.0, 4.0, 3.0, 6.0, 1.0, 5.0, 7.0, 11.0, 2.0, 8.0, 1.0, 10.0, 13.0, 14.0, 7.0, 10.0])
('Franklin-Ohio', 'OZONE', [3.0, 2.0, 3.0, 3.0, 3.0, 2.0, 2.0, 2.0, 8.0, 1.0, 2.0, 1.0, 8.0, 13.0, 9.0, 8.0, 3.0, 15.0, 13.0, 11.0, 7.0])
('Frederick-Virginia', 'OZONE', [0.0, 2.0, 4.0, 8.0, 11.0, 3.0, 7.0, 3.0, 4.0, 1.0, 3.0, 14.0, 3.0, 14.0, 7.0, 3.0, 5.0, 12.0, 12.0, 13.0, 9.0])
('Fresno-California', 'OZONE', [0.0, 1.0, 3.0, 3.0, 0.0, 4.0, 3.0, 3.0, 2.0, 3.0, 2.0, 1.0, 2.0, 1.0, 2.0, 2.0, 3.0, 4.0, 3.0, 3.0, 1.0])
('Fulton-Georgia', 'OZONE', [3.0, 9.0, 5.0, 12.0, 2.0, 2.0, 4.0, 2.0, 3.0, 12.0, 5.0, 5.0, 12.0, 9.0, 5.0, 9.0, 14.0, 12.0, 14.0, 14.0, 11.0])
('Galveston-Texas', 'OZONE', [3.0, 0.0, 7.0, 3.0, 4.0, 4.0, 0.0, 2.0, 5.0, 8.0, 5.0, 8.0, 7.0, 5.0, 7.0, 11.0, 11.0, 11.0, 6.0, 9.0, 4.0])
('Genesee-Michigan', 'OZONE', [5.0, 2.0, 2.0, 11.0, 13.0, 2.0, 12.0, 15.0, 13.0, 9.0, 16.0, 9.0, 1.0, 14.0, 12.0, 8.0, 1.0, 19.0, 18.0, 7.0, 9.0])
('Gloucester-New Jersey', 'OZONE', [2.0, 2.0, 2.0, 1.0, 3.0, 3.0, 1.0, 3.0, 1.0, 1.0, 3.0, 4.0, 1.0, 1.0, 6.0, 8.0, 8.0, 1.0, 13.0, 12.0, 7.0])
('Glynn-Georgia', 'OZONE', [11.0, 10.0, 7.0, 2.0, 8.0, 5.0, 11.0, 2.0, 10.0, 12.0, 8.0, 13.0, 11.0, 3.0, 13.0, 11.0, 13.0, 6.0, 12.0, 19.0, 9.0])
('Greene-Missouri', 'OZONE', [14.0, 8.0, 14.0, 14.0, 15.0, 2.0, 0.0, 5.0, 10.0, 0.0, 10.0, 1.0, 9.0, 10.0, 11.0, 19.0, 10.0, 17.0, 13.0, 12.0, 16.0])
('Greenup-Kentucky', 'OZONE', [3.0, 3.0, 3.0, 3.0, 10.0, 5.0, 2.0, 4.0, 3.0, 1.0, 3.0, 8.0, 0.0, 16.0, 5.0, 10.0, 10.0, 10.0, 6.0, 1.0, 8.0])
('Gregg-Texas', 'OZONE', [5.0, 8.0, 0.0, 3.0, 7.0, 3.0, 3.0, 5.0, 3.0, 8.0, 6.0, 3.0, 5.0, 1.0, 6.0, 7.0, 11.0, 9.0, 6.0, 6.0, 6.0])
('Guilford-North Carolina', 'OZONE', [12.0, 7.0, 9.0, 10.0, 14.0, 1.0, 12.0, 5.0, 6.0, 0.0, 1.0, 15.0, 10.0, 0.0, 11.0, 3.0, 14.0, 17.0, 11.0, 1.0, 10.0])
('Gwinnett-Georgia', 'OZONE', [3.0, 8.0, 10.0, 8.0, 7.0, 3.0, 2.0, 2.0, 6.0, 12.0, 8.0, 2.0, 14.0, 2.0, 6.0, 7.0, 13.0, 11.0, 10.0, 18.0, 13.0])
('Hamilton-New York', 'OZONE', [8.0, 4.0, 14.0, 11.0, 12.0, 13.0, 11.0, 11.0, 1.0, 8.0, 3.0, 7.0, 8.0, 11.0, 16.0, 15.0, 11.0, 15.0, 12.0, 3.0, 17.0])
('Hamilton-Ohio', 'OZONE', [1.0, 3.0, 0.0, 2.0, 3.0, 0.0, 2.0, 1.0, 8.0, 0.0, 3.0, 2.0, 3.0, 1.0, 4.0, 4.0, 0.0, 2.0, 3.0, 1.0, 2.0])
('Hamilton-Tennessee', 'OZONE', [3.0, 3.0, 6.0, 0.0, 4.0, 9.0, 10.0, 1.0, 2.0, 12.0, 3.0, 14.0, 19.0, 14.0, 8.0, 9.0, 15.0, 14.0, 13.0, 19.0, 10.0])
('Hampden-Massachusetts', 'OZONE', [1.0, 1.0, 0.0, 0.0, 0.0, 3.0, 7.0, 1.0, 2.0, 0.0, 3.0, 3.0, 1.0, 2.0, 0.0, 6.0, 8.0, 3.0, 2.0, 3.0, 5.0])
('Hampshire-Massachusetts', 'OZONE', [6.0, 6.0, 2.0, 1.0, 6.0, 6.0, 0.0, 5.0, 8.0, 4.0, 9.0, 7.0, 4.0, 8.0, 11.0, 11.0, 6.0, 0.0, 3.0, 9.0, 0.0])
('Hancock-Kentucky', 'OZONE', [4.0, 11.0, 2.0, 19.0, 11.0, 8.0, 10.0, 3.0, 10.0, 7.0, 10.0, 3.0, 14.0, 17.0, 12.0, 14.0, 16.0, 15.0, 13.0, 14.0, 13.0])
('Hancock-Maine', 'OZONE', [10.0, 3.0, 14.0, 18.0, 15.0, 8.0, 8.0, 10.0, 14.0, 11.0, 12.0, 11.0, 11.0, 11.0, 17.0, 11.0, 12.0, 14.0, 14.0, 11.0, 13.0])
('Harford-Maryland', 'OZONE', [0.0, 1.0, 1.0, 0.0, 0.0, 5.0, 1.0, 0.0, 3.0, 3.0, 2.0, 10.0, 9.0, 16.0, 9.0, 0.0, 11.0, 9.0, 10.0, 13.0, 9.0])
('Harris-Texas', 'OZONE', [0.0, 0.0, 0.0, 1.0, 2.0, 0.0, 0.0, 0.0, 0.0, 0.0, 0.0, 0.0, 0.0, 0.0, 0.0, 1.0, 0.0, 3.0, 0.0, 2.0, 0.0])
('Hartford-Connecticut', 'OZONE', [0.0, 4.0, 10.0, 9.0, 4.0, 1.0, 1.0, 2.0, 1.0, 1.0, 5.0, 6.0, 9.0, 10.0, 11.0, 7.0, 9.0, 6.0, 15.0, 12.0, 19.0])
('Henrico-Virginia', 'OZONE', [4.0, 7.0, 6.0, 7.0, 8.0, 0.0, 8.0, 5.0, 0.0, 7.0, 3.0, 12.0, 15.0, 12.0, 6.0, 0.0, 5.0, 5.0, 2.0, 1.0, 5.0])
('Hillsborough-Florida', 'OZONE', [4.0, 8.0, 8.0, 4.0, 7.0, 3.0, 3.0, 8.0, 6.0, 6.0, 7.0, 4.0, 9.0, 9.0, 12.0, 7.0, 5.0, 3.0, 6.0, 0.0, 11.0])
('Hillsborough-New Hampshire', 'OZONE', [3.0, 3.0, 8.0, 3.0, 0.0, 1.0, 4.0, 13.0, 7.0, 6.0, 2.0, 10.0, 4.0, 0.0, 4.0, 10.0, 14.0, 7.0, 14.0, 10.0, 19.0])
('Hinds-Mississippi', 'OZONE', [6.0, 8.0, 16.0, 9.0, 0.0, 13.0, 9.0, 8.0, 3.0, 12.0, 14.0, 12.0, 11.0, 12.0, 6.0, 4.0, 8.0, 10.0, 3.0, 3.0, 3.0])
('Honolulu-Hawaii', 'OZONE', [5.0, 1.0, 4.0, 3.0, 5.0, 3.0, 4.0, 3.0, 4.0, 6.0, 5.0, 2.0, 3.0, 4.0, 6.0, 6.0, 7.0, 5.0, 7.0, 5.0, 4.0])
('Hudson-New Jersey', 'OZONE', [1.0, 1.0, 1.0, 1.0, 1.0, 1.0, 1.0, 1.0, 1.0, 1.0, 1.0, 1.0, 1.0, 1.0, 3.0, 1.0, 2.0, 0.0, 2.0, 3.0, 2.0])
('Hunterdon-New Jersey', 'OZONE', [1.0, 1.0, 1.0, 1.0, 1.0, 2.0, 1.0, 1.0, 2.0, 2.0, 3.0, 2.0, 0.0, 0.0, 7.0, 8.0, 7.0, 1.0, 0.0, 2.0, 7.0])
('Huron-Michigan', 'OZONE', [19.0, 12.0, 12.0, 19.0, 16.0, 17.0, 18.0, 15.0, 14.0, 15.0, 15.0, 10.0, 18.0, 17.0, 11.0, 15.0, 17.0, 21.0, 18.0, 14.0, 13.0])
('Iberville-Louisiana', 'OZONE', [1.0, 2.0, 6.0, 3.0, 2.0, 4.0, 4.0, 4.0, 5.0, 1.0, 6.0, 2.0, 4.0, 2.0, 5.0, 8.0, 0.0, 11.0, 1.0, 0.0, 6.0])
('Imperial-California', 'OZONE', [8.0, 8.0, 3.0, 0.0, 0.0, 7.0, 0.0, 8.0, 0.0, 1.0, 3.0, 7.0, 3.0, 2.0, 4.0, 3.0, 8.0, 2.0, 6.0, 5.0, 8.0])
('Ingham-Michigan', 'OZONE', [14.0, 11.0, 3.0, 14.0, 14.0, 11.0, 10.0, 18.0, 12.0, 14.0, 10.0, 11.0, 17.0, 15.0, 14.0, 11.0, 5.0, 6.0, 2.0, 8.0, 4.0])
('Inyo-California', 'OZONE', [15.0, 19.0, 23.0, 25.0, 28.0, 24.0, 24.0, 25.0, 22.0, 26.0, 25.0, 25.0, 25.0, 23.0, 24.0, 22.0, 19.0, 23.0, 22.0, 25.0, 20.0])
('Jackson-Mississippi', 'OZONE', [8.0, 8.0, 9.0, 9.0, 3.0, 14.0, 3.0, 8.0, 5.0, 14.0, 11.0, 12.0, 18.0, 16.0, 11.0, 11.0, 16.0, 10.0, 17.0, 19.0, 17.0])
('Jefferson-Alabama', 'OZONE', [1.0, 2.0, 3.0, 6.0, 9.0, 0.0, 1.0, 0.0, 0.0, 0.0, 4.0, 4.0, 0.0, 4.0, 2.0, 7.0, 6.0, 3.0, 0.0, 0.0, 3.0])
('Jefferson-Colorado', 'OZONE', [3.0, 1.0, 1.0, 0.0, 0.0, 0.0, 1.0, 0.0, 0.0, 0.0, 0.0, 3.0, 3.0, 2.0, 6.0, 5.0, 7.0, 1.0, 6.0, 6.0, 7.0])
('Jefferson-Kentucky', 'OZONE', [0.0, 2.0, 1.0, 4.0, 2.0, 3.0, 3.0, 0.0, 0.0, 0.0, 4.0, 3.0, 8.0, 7.0, 6.0, 3.0, 1.0, 5.0, 8.0, 4.0, 6.0])
('Jefferson-Louisiana', 'OZONE', [3.0, 7.0, 8.0, 7.0, 13.0, 8.0, 10.0, 9.0, 11.0, 3.0, 7.0, 10.0, 9.0, 3.0, 6.0, 10.0, 8.0, 18.0, 4.0, 10.0, 13.0])
('Jefferson-Missouri', 'OZONE', [10.0, 9.0, 18.0, 14.0, 14.0, 5.0, 9.0, 3.0, 10.0, 2.0, 8.0, 12.0, 8.0, 11.0, 11.0, 19.0, 13.0, 12.0, 7.0, 6.0, 9.0])
('Jefferson-New York', 'OZONE', [7.0, 14.0, 14.0, 11.0, 12.0, 11.0, 15.0, 3.0, 6.0, 7.0, 7.0, 16.0, 7.0, 0.0, 6.0, 9.0, 7.0, 8.0, 11.0, 11.0, 12.0])
('Jefferson-Ohio', 'OZONE', [6.0, 2.0, 3.0, 2.0, 1.0, 0.0, 7.0, 3.0, 8.0, 1.0, 4.0, 7.0, 1.0, 11.0, 7.0, 1.0, 8.0, 14.0, 11.0, 0.0, 11.0])
('Jefferson-Tennessee', 'OZONE', [15.0, 11.0, 19.0, 17.0, 12.0, 3.0, 11.0, 6.0, 2.0, 13.0, 9.0, 0.0, 13.0, 17.0, 3.0, 11.0, 12.0, 19.0, 22.0, 13.0, 16.0])
('Jefferson-Texas', 'OZONE', [8.0, 4.0, 5.0, 2.0, 0.0, 0.0, 0.0, 6.0, 4.0, 8.0, 2.0, 6.0, 4.0, 1.0, 2.0, 11.0, 8.0, 6.0, 2.0, 4.0, 5.0])
('Jefferson-Wisconsin', 'OZONE', [14.0, 14.0, 9.0, 6.0, 14.0, 14.0, 15.0, 14.0, 16.0, 10.0, 8.0, 13.0, 12.0, 8.0, 8.0, 3.0, 14.0, 16.0, 18.0, 14.0, 10.0])
('Jersey-Illinois', 'OZONE', [10.0, 11.0, 16.0, 1.0, 10.0, 8.0, 18.0, 3.0, 10.0, 3.0, 8.0, 8.0, 8.0, 13.0, 10.0, 16.0, 10.0, 13.0, 6.0, 7.0, 11.0])
('Jessamine-Kentucky', 'OZONE', [8.0, 11.0, 8.0, 13.0, 10.0, 12.0, 8.0, 5.0, 0.0, 8.0, 6.0, 14.0, 12.0, 20.0, 5.0, 12.0, 10.0, 10.0, 16.0, 14.0, 12.0])
('Johnston-North Carolina', 'OZONE', [4.0, 17.0, 9.0, 12.0, 17.0, 13.0, 16.0, 8.0, 12.0, 9.0, 5.0, 11.0, 9.0, 14.0, 9.0, 9.0, 13.0, 15.0, 12.0, 6.0, 14.0])
('Kalamazoo-Michigan', 'OZONE', [0.0, 8.0, 9.0, 15.0, 17.0, 2.0, 13.0, 15.0, 9.0, 11.0, 11.0, 9.0, 15.0, 19.0, 16.0, 15.0, 16.0, 18.0, 18.0, 13.0, 5.0])
('Kanawha-West Virginia', 'OZONE', [3.0, 3.0, 5.0, 3.0, 3.0, 3.0, 3.0, 3.0, 5.0, 7.0, 3.0, 4.0, 10.0, 13.0, 4.0, 8.0, 11.0, 19.0, 0.0, 1.0, 9.0])
('Kane-Illinois', 'OZONE', [2.0, 2.0, 0.0, 2.0, 1.0, 3.0, 1.0, 2.0, 0.0, 2.0, 3.0, 0.0, 1.0, 3.0, 4.0, 8.0, 4.0, 6.0, 6.0, 5.0, 3.0])
('Kennebec-Maine', 'OZONE', [4.0, 10.0, 10.0, 8.0, 3.0, 11.0, 14.0, 1.0, 12.0, 13.0, 14.0, 14.0, 2.0, 14.0, 13.0, 9.0, 15.0, 11.0, 13.0, 13.0, 14.0])
('Kenosha-Wisconsin', 'OZONE', [13.0, 10.0, 6.0, 2.0, 11.0, 13.0, 11.0, 14.0, 5.0, 14.0, 7.0, 12.0, 6.0, 15.0, 11.0, 18.0, 11.0, 18.0, 11.0, 12.0, 15.0])
('Kent-Delaware', 'OZONE', [13.0, 6.0, 14.0, 5.0, 11.0, 12.0, 17.0, 12.0, 8.0, 0.0, 2.0, 3.0, 12.0, 16.0, 14.0, 13.0, 11.0, 13.0, 11.0, 14.0, 11.0])
('Kent-Maryland', 'OZONE', [11.0, 8.0, 14.0, 7.0, 10.0, 11.0, 15.0, 12.0, 6.0, 4.0, 1.0, 13.0, 15.0, 17.0, 12.0, 10.0, 12.0, 16.0, 15.0, 12.0, 11.0])
('Kent-Michigan', 'OZONE', [3.0, 3.0, 1.0, 11.0, 6.0, 7.0, 5.0, 8.0, 2.0, 14.0, 8.0, 8.0, 12.0, 12.0, 6.0, 9.0, 3.0, 7.0, 9.0, 1.0, 7.0])
('Kent-Rhode Island', 'OZONE', [11.0, 14.0, 7.0, 1.0, 1.0, 5.0, 15.0, 5.0, 11.0, 9.0, 14.0, 7.0, 11.0, 12.0, 4.0, 0.0, 14.0, 7.0, 7.0, 14.0, 19.0])
('Kewaunee-Wisconsin', 'OZONE', [14.0, 15.0, 16.0, 18.0, 19.0, 17.0, 13.0, 17.0, 16.0, 11.0, 15.0, 18.0, 19.0, 14.0, 9.0, 14.0, 14.0, 20.0, 16.0, 17.0, 17.0])
('King-Washington', 'OZONE', [5.0, 2.0, 2.0, 2.0, 3.0, 5.0, 2.0, 8.0, 1.0, 3.0, 0.0, 1.0, 1.0, 0.0, 0.0, 1.0, 0.0, 0.0, 1.0, 1.0, 1.0])
('Kings-California', 'OZONE', [4.0, 2.0, 12.0, 4.0, 6.0, 2.0, 4.0, 3.0, 3.0, 3.0, 2.0, 2.0, 2.0, 6.0, 0.0, 2.0, 5.0, 4.0, 6.0, 7.0, 6.0])
('Knox-Maine', 'OZONE', [8.0, 15.0, 8.0, 17.0, 10.0, 14.0, 17.0, 15.0, 15.0, 10.0, 13.0, 14.0, 13.0, 10.0, 15.0, 14.0, 10.0, 10.0, 11.0, 11.0, 13.0])
('Knox-Ohio', 'OZONE', [6.0, 10.0, 9.0, 14.0, 17.0, 14.0, 16.0, 6.0, 14.0, 7.0, 3.0, 10.0, 7.0, 18.0, 11.0, 11.0, 12.0, 18.0, 17.0, 13.0, 14.0])
('Knox-Tennessee', 'OZONE', [4.0, 10.0, 9.0, 16.0, 9.0, 1.0, 1.0, 3.0, 3.0, 4.0, 3.0, 3.0, 5.0, 3.0, 6.0, 10.0, 10.0, 17.0, 10.0, 8.0, 5.0])
('La Plata-Colorado', 'OZONE', [9.0, 9.0, 15.0, 10.0, 9.0, 3.0, 6.0, 3.0, 5.0, 11.0, 8.0, 11.0, 7.0, 8.0, 12.0, 6.0, 3.0, 14.0, 9.0, 10.0, 16.0])
('LaPorte-Indiana', 'OZONE', [17.0, 12.0, 3.0, 10.0, 7.0, 9.0, 9.0, 13.0, 9.0, 9.0, 3.0, 13.0, 11.0, 12.0, 11.0, 16.0, 1.0, 16.0, 17.0, 16.0, 16.0])
('Lackawanna-Pennsylvania', 'OZONE', [10.0, 3.0, 4.0, 6.0, 3.0, 1.0, 5.0, 14.0, 6.0, 2.0, 6.0, 9.0, 6.0, 12.0, 7.0, 1.0, 8.0, 0.0, 1.0, 4.0, 4.0])
('Lafayette-Louisiana', 'OZONE', [5.0, 9.0, 10.0, 6.0, 8.0, 9.0, 4.0, 8.0, 7.0, 11.0, 7.0, 5.0, 6.0, 7.0, 4.0, 9.0, 8.0, 12.0, 5.0, 5.0, 7.0])
('Lafourche-Louisiana', 'OZONE', [3.0, 3.0, 8.0, 5.0, 4.0, 2.0, 10.0, 3.0, 10.0, 11.0, 8.0, 11.0, 8.0, 8.0, 15.0, 8.0, 8.0, 13.0, 1.0, 4.0, 10.0])
('Lake-California', 'OZONE', [2.0, 5.0, 0.0, 6.0, 10.0, 10.0, 13.0, 10.0, 8.0, 0.0, 8.0, 8.0, 10.0, 8.0, 9.0, 7.0, 9.0, 11.0, 11.0, 12.0, 15.0])
('Lake-Illinois', 'OZONE', [1.0, 1.0, 1.0, 1.0, 3.0, 2.0, 0.0, 1.0, 3.0, 3.0, 1.0, 3.0, 5.0, 4.0, 6.0, 12.0, 7.0, 4.0, 6.0, 5.0, 7.0])
('Lake-Indiana', 'OZONE', [3.0, 3.0, 3.0, 8.0, 9.0, 3.0, 10.0, 3.0, 5.0, 8.0, 5.0, 8.0, 7.0, 0.0, 9.0, 11.0, 0.0, 5.0, 10.0, 17.0, 15.0])
('Lake-Minnesota', 'OZONE', [12.0, 11.0, 5.0, 15.0, 3.0, 11.0, 11.0, 13.0, 14.0, 12.0, 17.0, 15.0, 16.0, 14.0, 15.0, 14.0, 12.0, 9.0, 8.0, 9.0, 14.0])
('Lake-Ohio', 'OZONE', [2.0, 8.0, 8.0, 9.0, 13.0, 3.0, 11.0, 5.0, 10.0, 3.0, 5.0, 9.0, 10.0, 14.0, 11.0, 11.0, 10.0, 11.0, 18.0, 8.0, 15.0])
('Lancaster-Nebraska', 'OZONE', [9.0, 11.0, 6.0, 4.0, 8.0, 8.0, 8.0, 3.0, 11.0, 7.0, 14.0, 5.0, 12.0, 5.0, 8.0, 8.0, 8.0, 8.0, 6.0, 11.0, 13.0])
('Lancaster-Pennsylvania', 'OZONE', [8.0, 6.0, 8.0, 5.0, 4.0, 0.0, 14.0, 8.0, 4.0, 4.0, 3.0, 14.0, 12.0, 15.0, 3.0, 1.0, 6.0, 0.0, 3.0, 6.0, 5.0])
('Lane-Oregon', 'OZONE', [3.0, 8.0, 8.0, 9.0, 9.0, 5.0, 1.0, 7.0, 8.0, 3.0, 11.0, 4.0, 9.0, 6.0, 2.0, 7.0, 1.0, 8.0, 1.0, 3.0, 1.0])
('Larimer-Colorado', 'OZONE', [1.0, 1.0, 1.0, 3.0, 0.0, 1.0, 2.0, 0.0, 2.0, 3.0, 1.0, 3.0, 3.0, 2.0, 5.0, 6.0, 5.0, 3.0, 3.0, 6.0, 4.0])
('Lauderdale-Mississippi', 'OZONE', [7.0, 5.0, 14.0, 12.0, 18.0, 14.0, 8.0, 8.0, 7.0, 14.0, 5.0, 16.0, 14.0, 9.0, 12.0, 14.0, 14.0, 11.0, 3.0, 18.0, 10.0])
('Lawrence-Ohio', 'OZONE', [0.0, 2.0, 7.0, 0.0, 0.0, 3.0, 1.0, 4.0, 0.0, 0.0, 0.0, 5.0, 9.0, 13.0, 6.0, 3.0, 7.0, 8.0, 2.0, 5.0, 10.0])
('Lawrence-Pennsylvania', 'OZONE', [1.0, 2.0, 12.0, 3.0, 7.0, 0.0, 2.0, 5.0, 4.0, 3.0, 5.0, 10.0, 7.0, 3.0, 11.0, 6.0, 6.0, 1.0, 0.0, 5.0, 6.0])
('Lee-Florida', 'OZONE', [10.0, 8.0, 11.0, 7.0, 14.0, 10.0, 12.0, 13.0, 14.0, 6.0, 7.0, 13.0, 15.0, 14.0, 7.0, 12.0, 10.0, 14.0, 13.0, 14.0, 14.0])
('Lee-Mississippi', 'OZONE', [8.0, 4.0, 1.0, 13.0, 15.0, 17.0, 14.0, 13.0, 0.0, 16.0, 18.0, 13.0, 10.0, 14.0, 12.0, 16.0, 16.0, 12.0, 10.0, 14.0, 10.0])
('Lehigh-Pennsylvania', 'OZONE', [4.0, 9.0, 12.0, 4.0, 7.0, 1.0, 7.0, 3.0, 6.0, 2.0, 3.0, 10.0, 2.0, 8.0, 1.0, 8.0, 3.0, 0.0, 1.0, 5.0, 3.0])
('Lenawee-Michigan', 'OZONE', [10.0, 14.0, 14.0, 19.0, 14.0, 12.0, 14.0, 14.0, 17.0, 15.0, 17.0, 12.0, 14.0, 18.0, 17.0, 14.0, 18.0, 19.0, 22.0, 14.0, 16.0])
('Leon-Florida', 'OZONE', [8.0, 13.0, 8.0, 3.0, 8.0, 3.0, 3.0, 2.0, 0.0, 2.0, 7.0, 5.0, 0.0, 8.0, 0.0, 8.0, 0.0, 8.0, 12.0, 0.0, 5.0])
('Lincoln-North Carolina', 'OZONE', [8.0, 12.0, 4.0, 3.0, 7.0, 3.0, 4.0, 3.0, 1.0, 3.0, 1.0, 4.0, 8.0, 8.0, 10.0, 8.0, 14.0, 16.0, 13.0, 7.0, 10.0])
('Linn-Iowa', 'OZONE', [3.0, 4.0, 4.0, 3.0, 5.0, 5.0, 3.0, 0.0, 9.0, 3.0, 12.0, 8.0, 8.0, 14.0, 7.0, 1.0, 3.0, 7.0, 8.0, 12.0, 4.0])
('Litchfield-Connecticut', 'OZONE', [12.0, 16.0, 18.0, 12.0, 18.0, 17.0, 17.0, 19.0, 20.0, 20.0, 11.0, 11.0, 12.0, 16.0, 16.0, 16.0, 13.0, 11.0, 18.0, 16.0, 13.0])
('Livingston-Kentucky', 'OZONE', [9.0, 11.0, 12.0, 17.0, 17.0, 1.0, 14.0, 8.0, 3.0, 11.0, 7.0, 14.0, 12.0, 11.0, 12.0, 11.0, 13.0, 14.0, 17.0, 12.0, 14.0])
('Livingston-Louisiana', 'OZONE', [2.0, 4.0, 9.0, 8.0, 1.0, 3.0, 8.0, 2.0, 12.0, 12.0, 5.0, 11.0, 8.0, 3.0, 10.0, 6.0, 7.0, 19.0, 5.0, 6.0, 8.0])
('Los Angeles-California', 'OZONE', [0.0, 0.0, 0.0, 0.0, 0.0, 0.0, 0.0, 1.0, 0.0, 1.0, 1.0, 0.0, 1.0, 0.0, 0.0, 0.0, 0.0, 0.0, 2.0, 1.0, 0.0])
('Lucas-Ohio', 'OZONE', [0.0, 6.0, 0.0, 0.0, 0.0, 3.0, 6.0, 3.0, 6.0, 2.0, 3.0, 5.0, 0.0, 3.0, 8.0, 7.0, 1.0, 8.0, 8.0, 6.0, 11.0])
('Luzerne-Pennsylvania', 'OZONE', [4.0, 2.0, 8.0, 8.0, 1.0, 0.0, 13.0, 9.0, 6.0, 3.0, 4.0, 3.0, 14.0, 8.0, 6.0, 0.0, 4.0, 2.0, 0.0, 1.0, 0.0])
('Lycoming-Pennsylvania', 'OZONE', [6.0, 1.0, 3.0, 8.0, 0.0, 2.0, 7.0, 10.0, 7.0, 4.0, 5.0, 10.0, 10.0, 8.0, 10.0, 3.0, 3.0, 4.0, 2.0, 2.0, 3.0])
('Macon-Illinois', 'OZONE', [2.0, 3.0, 4.0, 1.0, 5.0, 3.0, 2.0, 3.0, 3.0, 6.0, 3.0, 3.0, 7.0, 8.0, 6.0, 11.0, 8.0, 0.0, 10.0, 2.0, 4.0])
('Macoupin-Illinois', 'OZONE', [2.0, 4.0, 6.0, 4.0, 7.0, 6.0, 2.0, 3.0, 4.0, 3.0, 2.0, 8.0, 5.0, 8.0, 8.0, 9.0, 7.0, 3.0, 9.0, 11.0, 14.0])
('Madera-California', 'OZONE', [4.0, 2.0, 4.0, 7.0, 3.0, 5.0, 8.0, 5.0, 3.0, 3.0, 1.0, 2.0, 4.0, 7.0, 6.0, 3.0, 2.0, 6.0, 3.0, 4.0, 6.0])
('Madison-Alabama', 'OZONE', [6.0, 3.0, 4.0, 2.0, 6.0, 5.0, 1.0, 7.0, 5.0, 9.0, 8.0, 9.0, 13.0, 3.0, 4.0, 10.0, 15.0, 19.0, 16.0, 19.0, 8.0])
('Madison-Illinois', 'OZONE', [2.0, 3.0, 3.0, 1.0, 3.0, 3.0, 2.0, 2.0, 4.0, 2.0, 1.0, 4.0, 5.0, 6.0, 5.0, 3.0, 6.0, 2.0, 5.0, 3.0, 7.0])
('Madison-Indiana', 'OZONE', [6.0, 17.0, 12.0, 23.0, 18.0, 11.0, 15.0, 24.0, 11.0, 15.0, 18.0, 14.0, 15.0, 15.0, 16.0, 19.0, 12.0, 19.0, 20.0, 16.0, 11.0])
('Madison-Ohio', 'OZONE', [14.0, 13.0, 10.0, 11.0, 13.0, 12.0, 10.0, 4.0, 16.0, 2.0, 4.0, 9.0, 10.0, 18.0, 14.0, 14.0, 9.0, 19.0, 18.0, 17.0, 13.0])
('Mahoning-Ohio', 'OZONE', [0.0, 0.0, 8.0, 3.0, 10.0, 1.0, 0.0, 3.0, 4.0, 2.0, 2.0, 9.0, 6.0, 14.0, 7.0, 1.0, 5.0, 6.0, 16.0, 11.0, 8.0])
('Manatee-Florida', 'OZONE', [5.0, 11.0, 14.0, 1.0, 0.0, 8.0, 6.0, 7.0, 3.0, 1.0, 3.0, 13.0, 10.0, 14.0, 11.0, 0.0, 3.0, 7.0, 5.0, 11.0, 11.0])
('Manitowoc-Wisconsin', 'OZONE', [14.0, 14.0, 12.0, 14.0, 16.0, 14.0, 11.0, 13.0, 13.0, 13.0, 13.0, 13.0, 15.0, 7.0, 8.0, 13.0, 16.0, 15.0, 15.0, 14.0, 18.0])
('Marathon-Wisconsin', 'OZONE', [16.0, 18.0, 15.0, 19.0, 14.0, 12.0, 9.0, 15.0, 18.0, 12.0, 8.0, 16.0, 17.0, 12.0, 10.0, 17.0, 11.0, 15.0, 17.0, 15.0, 16.0])
('Maricopa-Arizona', 'OZONE', [1.0, 0.0, 1.0, 1.0, 0.0, 0.0, 0.0, 1.0, 1.0, 2.0, 1.0, 2.0, 2.0, 1.0, 1.0, 3.0, 3.0, 6.0, 3.0, 6.0, 3.0])
('Marin-California', 'OZONE', [1.0, 3.0, 3.0, 1.0, 0.0, 1.0, 2.0, 1.0, 0.0, 1.0, 1.0, 1.0, 4.0, 3.0, 4.0, 2.0, 3.0, 8.0, 4.0, 3.0, 3.0])
('Marion-Indiana', 'OZONE', [3.0, 7.0, 1.0, 3.0, 12.0, 1.0, 10.0, 9.0, 8.0, 9.0, 8.0, 6.0, 12.0, 8.0, 6.0, 2.0, 0.0, 3.0, 3.0, 3.0, 5.0])
('Marion-Oregon', 'OZONE', [14.0, 2.0, 11.0, 8.0, 10.0, 12.0, 7.0, 12.0, 3.0, 2.0, 3.0, 3.0, 13.0, 4.0, 4.0, 8.0, 11.0, 15.0, 12.0, 18.0, 16.0])
('Mariposa-California', 'OZONE', [3.0, 7.0, 18.0, 15.0, 23.0, 25.0, 22.0, 0.0, 0.0, 1.0, 0.0, 17.0, 18.0, 15.0, 16.0, 18.0, 16.0, 22.0, 20.0, 27.0, 25.0])
('McCracken-Kentucky', 'OZONE', [4.0, 5.0, 11.0, 14.0, 14.0, 12.0, 13.0, 4.0, 2.0, 6.0, 11.0, 13.0, 8.0, 0.0, 8.0, 10.0, 12.0, 15.0, 12.0, 11.0, 14.0])
('McHenry-Illinois', 'OZONE', [2.0, 3.0, 2.0, 1.0, 3.0, 5.0, 2.0, 2.0, 1.0, 1.0, 3.0, 1.0, 1.0, 4.0, 6.0, 6.0, 8.0, 6.0, 7.0, 5.0, 4.0])
('Mecklenburg-North Carolina', 'OZONE', [4.0, 5.0, 4.0, 7.0, 4.0, 4.0, 4.0, 0.0, 4.0, 5.0, 0.0, 8.0, 3.0, 0.0, 4.0, 0.0, 1.0, 2.0, 2.0, 0.0, 2.0])
('Medina-Ohio', 'OZONE', [2.0, 14.0, 9.0, 10.0, 16.0, 0.0, 10.0, 5.0, 4.0, 8.0, 8.0, 4.0, 14.0, 10.0, 13.0, 10.0, 15.0, 5.0, 13.0, 7.0, 3.0])
('Mendocino-California', 'OZONE', [3.0, 1.0, 0.0, 3.0, 3.0, 0.0, 4.0, 0.0, 2.0, 3.0, 3.0, 3.0, 5.0, 0.0, 1.0, 0.0, 0.0, 5.0, 0.0, 1.0, 5.0])
('Merced-California', 'OZONE', [11.0, 7.0, 11.0, 11.0, 5.0, 3.0, 10.0, 9.0, 8.0, 3.0, 2.0, 3.0, 8.0, 4.0, 3.0, 4.0, 2.0, 11.0, 6.0, 3.0, 6.0])
('Mercer-New Jersey', 'OZONE', [1.0, 1.0, 3.0, 3.0, 3.0, 2.0, 2.0, 2.0, 2.0, 2.0, 3.0, 5.0, 1.0, 2.0, 11.0, 5.0, 5.0, 1.0, 2.0, 1.0, 6.0])
('Mercer-North Dakota', 'OZONE', [9.0, 17.0, 15.0, 10.0, 10.0, 4.0, 8.0, 8.0, 9.0, 6.0, 9.0, 10.0, 11.0, 13.0, 13.0, 10.0, 18.0, 10.0, 12.0, 7.0, 6.0])
('Mercer-Pennsylvania', 'OZONE', [2.0, 8.0, 16.0, 8.0, 14.0, 4.0, 8.0, 8.0, 9.0, 3.0, 7.0, 9.0, 4.0, 15.0, 1.0, 10.0, 6.0, 3.0, 13.0, 8.0, 7.0])
('Merrimack-New Hampshire', 'OZONE', [0.0, 0.0, 3.0, 3.0, 0.0, 0.0, 8.0, 8.0, 10.0, 4.0, 11.0, 3.0, 4.0, 2.0, 11.0, 11.0, 12.0, 9.0, 14.0, 4.0, 2.0])
('Miami-Ohio', 'OZONE', [0.0, 15.0, 13.0, 14.0, 14.0, 15.0, 7.0, 11.0, 14.0, 11.0, 8.0, 10.0, 10.0, 14.0, 16.0, 15.0, 11.0, 10.0, 16.0, 15.0, 16.0])
('Miami-Dade-Florida', 'OZONE', [2.0, 2.0, 3.0, 3.0, 8.0, 3.0, 3.0, 3.0, 10.0, 0.0, 3.0, 8.0, 12.0, 13.0, 11.0, 10.0, 3.0, 6.0, 11.0, 7.0, 10.0])
('Middlesex-Connecticut', 'OZONE', [8.0, 12.0, 16.0, 2.0, 3.0, 1.0, 3.0, 12.0, 8.0, 11.0, 12.0, 11.0, 18.0, 11.0, 12.0, 14.0, 14.0, 14.0, 12.0, 13.0, 19.0])
('Middlesex-Massachusetts', 'OZONE', [1.0, 4.0, 11.0, 3.0, 1.0, 3.0, 3.0, 8.0, 3.0, 8.0, 2.0, 2.0, 2.0, 3.0, 6.0, 5.0, 8.0, 7.0, 0.0, 1.0, 4.0])
('Middlesex-New Jersey', 'OZONE', [1.0, 1.0, 3.0, 3.0, 3.0, 3.0, 1.0, 3.0, 1.0, 4.0, 2.0, 4.0, 1.0, 3.0, 7.0, 6.0, 7.0, 1.0, 2.0, 1.0, 2.0])
('Milwaukee-Wisconsin', 'OZONE', [11.0, 12.0, 5.0, 8.0, 8.0, 8.0, 8.0, 5.0, 2.0, 2.0, 2.0, 3.0, 3.0, 6.0, 6.0, 2.0, 7.0, 7.0, 8.0, 3.0, 6.0])
('Mobile-Alabama', 'OZONE', [0.0, 2.0, 7.0, 6.0, 0.0, 0.0, 0.0, 2.0, 7.0, 14.0, 1.0, 0.0, 14.0, 0.0, 10.0, 1.0, 0.0, 13.0, 9.0, 0.0, 1.0])
('Monmouth-New Jersey', 'OZONE', [3.0, 3.0, 3.0, 1.0, 3.0, 1.0, 17.0, 3.0, 11.0, 8.0, 6.0, 12.0, 8.0, 8.0, 14.0, 11.0, 8.0, 6.0, 14.0, 16.0, 13.0])
('Monroe-New York', 'OZONE', [2.0, 3.0, 4.0, 7.0, 3.0, 3.0, 4.0, 6.0, 3.0, 2.0, 4.0, 2.0, 9.0, 10.0, 5.0, 7.0, 3.0, 6.0, 6.0, 8.0, 9.0])
('Monterey-California', 'OZONE', [4.0, 1.0, 8.0, 8.0, 10.0, 7.0, 7.0, 7.0, 9.0, 12.0, 8.0, 6.0, 12.0, 5.0, 9.0, 8.0, 10.0, 0.0, 9.0, 12.0, 13.0])
('Montezuma-Colorado', 'OZONE', [20.0, 19.0, 19.0, 23.0, 27.0, 19.0, 22.0, 20.0, 21.0, 25.0, 28.0, 22.0, 26.0, 19.0, 6.0, 16.0, 16.0, 21.0, 15.0, 18.0, 12.0])
('Montgomery-Alabama', 'OZONE', [3.0, 6.0, 3.0, 14.0, 10.0, 12.0, 4.0, 6.0, 3.0, 10.0, 3.0, 16.0, 14.0, 13.0, 10.0, 14.0, 17.0, 15.0, 10.0, 12.0, 6.0])
('Montgomery-Ohio', 'OZONE', [3.0, 11.0, 6.0, 10.0, 8.0, 2.0, 3.0, 3.0, 8.0, 1.0, 3.0, 5.0, 6.0, 15.0, 13.0, 14.0, 6.0, 9.0, 19.0, 14.0, 12.0])
('Montgomery-Pennsylvania', 'OZONE', [3.0, 3.0, 12.0, 6.0, 1.0, 1.0, 3.0, 8.0, 0.0, 4.0, 3.0, 6.0, 12.0, 14.0, 7.0, 8.0, 7.0, 0.0, 1.0, 1.0, 6.0])
('Morris-New Jersey', 'OZONE', [1.0, 2.0, 5.0, 1.0, 5.0, 3.0, 3.0, 9.0, 8.0, 6.0, 3.0, 4.0, 3.0, 8.0, 12.0, 12.0, 12.0, 8.0, 6.0, 5.0, 2.0])
('Muscogee-Georgia', 'OZONE', [3.0, 8.0, 10.0, 4.0, 9.0, 3.0, 4.0, 3.0, 6.0, 8.0, 8.0, 6.0, 10.0, 9.0, 7.0, 15.0, 17.0, 15.0, 14.0, 17.0, 8.0])
('Muskegon-Michigan', 'OZONE', [5.0, 9.0, 6.0, 17.0, 17.0, 11.0, 14.0, 16.0, 18.0, 15.0, 14.0, 12.0, 11.0, 0.0, 13.0, 17.0, 11.0, 18.0, 15.0, 13.0, 6.0])
('Napa-California', 'OZONE', [3.0, 3.0, 3.0, 3.0, 2.0, 3.0, 6.0, 0.0, 0.0, 2.0, 3.0, 3.0, 6.0, 4.0, 5.0, 3.0, 4.0, 11.0, 8.0, 9.0, 5.0])
('Nevada-California', 'OZONE', [6.0, 10.0, 8.0, 8.0, 1.0, 6.0, 6.0, 8.0, 7.0, 8.0, 3.0, 4.0, 4.0, 4.0, 19.0, 9.0, 9.0, 15.0, 19.0, 23.0, 24.0])
('New Haven-Connecticut', 'OZONE', [5.0, 3.0, 12.0, 3.0, 3.0, 4.0, 10.0, 4.0, 12.0, 8.0, 14.0, 8.0, 2.0, 2.0, 2.0, 4.0, 2.0, 4.0, 3.0, 0.0, 2.0])
('New London-Connecticut', 'OZONE', [2.0, 14.0, 21.0, 13.0, 18.0, 13.0, 20.0, 10.0, 18.0, 11.0, 17.0, 17.0, 15.0, 12.0, 14.0, 16.0, 14.0, 10.0, 18.0, 13.0, 19.0])
('Niagara-New York', 'OZONE', [5.0, 7.0, 3.0, 8.0, 14.0, 11.0, 8.0, 8.0, 8.0, 6.0, 7.0, 11.0, 14.0, 13.0, 11.0, 12.0, 14.0, 20.0, 15.0, 14.0, 16.0])
('Nueces-Texas', 'OZONE', [6.0, 8.0, 7.0, 3.0, 8.0, 2.0, 3.0, 6.0, 2.0, 5.0, 3.0, 6.0, 8.0, 3.0, 3.0, 8.0, 14.0, 10.0, 7.0, 9.0, 4.0])
('Oakland-Michigan', 'OZONE', [0.0, 4.0, 4.0, 8.0, 13.0, 4.0, 8.0, 16.0, 8.0, 12.0, 14.0, 4.0, 10.0, 10.0, 10.0, 13.0, 7.0, 17.0, 19.0, 8.0, 6.0])
('Ocean-New Jersey', 'OZONE', [6.0, 5.0, 2.0, 3.0, 6.0, 1.0, 20.0, 14.0, 12.0, 11.0, 1.0, 14.0, 7.0, 4.0, 16.0, 7.0, 11.0, 4.0, 14.0, 9.0, 14.0])
('Oconee-South Carolina', 'OZONE', [11.0, 4.0, 9.0, 9.0, 16.0, 9.0, 10.0, 5.0, 13.0, 14.0, 14.0, 19.0, 19.0, 14.0, 16.0, 14.0, 14.0, 17.0, 16.0, 12.0, 14.0])
('Ohio-West Virginia', 'OZONE', [4.0, 4.0, 7.0, 5.0, 8.0, 3.0, 4.0, 5.0, 9.0, 3.0, 3.0, 12.0, 3.0, 13.0, 9.0, 4.0, 12.0, 15.0, 12.0, 6.0, 15.0])
('Oklahoma-Oklahoma', 'OZONE', [6.0, 3.0, 3.0, 2.0, 8.0, 7.0, 3.0, 1.0, 5.0, 5.0, 1.0, 7.0, 11.0, 7.0, 6.0, 4.0, 8.0, 5.0, 14.0, 5.0, 6.0])
('Oldham-Kentucky', 'OZONE', [10.0, 14.0, 2.0, 5.0, 8.0, 13.0, 14.0, 6.0, 0.0, 0.0, 10.0, 7.0, 14.0, 14.0, 12.0, 8.0, 14.0, 13.0, 14.0, 15.0, 13.0])
('Oliver-North Dakota', 'OZONE', [14.0, 15.0, 13.0, 13.0, 13.0, 5.0, 11.0, 5.0, 8.0, 3.0, 7.0, 6.0, 12.0, 13.0, 12.0, 8.0, 17.0, 12.0, 13.0, 10.0, 7.0])
('Onondaga-New York', 'OZONE', [1.0, 1.0, 3.0, 1.0, 2.0, 3.0, 4.0, 4.0, 3.0, 2.0, 2.0, 2.0, 3.0, 8.0, 10.0, 7.0, 3.0, 3.0, 4.0, 9.0, 6.0])
('Orange-California', 'OZONE', [0.0, 0.0, 0.0, 0.0, 3.0, 0.0, 0.0, 1.0, 0.0, 1.0, 0.0, 1.0, 3.0, 1.0, 1.0, 3.0, 0.0, 0.0, 0.0, 4.0, 0.0])
('Orange-Florida', 'OZONE', [6.0, 1.0, 3.0, 0.0, 8.0, 8.0, 5.0, 5.0, 3.0, 2.0, 8.0, 12.0, 8.0, 9.0, 14.0, 5.0, 9.0, 0.0, 13.0, 11.0, 14.0])
('Orange-New York', 'OZONE', [9.0, 10.0, 6.0, 7.0, 3.0, 1.0, 1.0, 10.0, 5.0, 3.0, 4.0, 10.0, 14.0, 5.0, 5.0, 6.0, 8.0, 0.0, 2.0, 2.0, 3.0])
('Orange-Texas', 'OZONE', [12.0, 4.0, 8.0, 3.0, 4.0, 3.0, 0.0, 5.0, 7.0, 4.0, 1.0, 6.0, 0.0, 1.0, 3.0, 1.0, 4.0, 14.0, 4.0, 3.0, 4.0])
('Ottawa-Michigan', 'OZONE', [3.0, 6.0, 2.0, 14.0, 16.0, 10.0, 9.0, 14.0, 14.0, 17.0, 15.0, 8.0, 11.0, 14.0, 11.0, 17.0, 10.0, 18.0, 18.0, 14.0, 6.0])
('Ouachita-Louisiana', 'OZONE', [5.0, 10.0, 3.0, 3.0, 8.0, 8.0, 7.0, 5.0, 4.0, 6.0, 5.0, 9.0, 4.0, 3.0, 6.0, 12.0, 10.0, 5.0, 6.0, 5.0, 3.0])
('Outagamie-Wisconsin', 'OZONE', [10.0, 15.0, 5.0, 16.0, 14.0, 12.0, 11.0, 15.0, 14.0, 14.0, 6.0, 15.0, 8.0, 14.0, 9.0, 16.0, 13.0, 18.0, 16.0, 14.0, 11.0])
('Oxford-Maine', 'OZONE', [12.0, 10.0, 14.0, 8.0, 12.0, 7.0, 11.0, 11.0, 9.0, 12.0, 8.0, 11.0, 6.0, 9.0, 3.0, 8.0, 3.0, 7.0, 8.0, 14.0, 12.0])
('Ozaukee-Wisconsin', 'OZONE', [12.0, 13.0, 14.0, 12.0, 14.0, 15.0, 12.0, 13.0, 8.0, 8.0, 9.0, 13.0, 7.0, 4.0, 8.0, 14.0, 11.0, 15.0, 16.0, 12.0, 15.0])
('Palm Beach-Florida', 'OZONE', [3.0, 4.0, 4.0, 3.0, 3.0, 8.0, 3.0, 5.0, 3.0, 6.0, 7.0, 3.0, 8.0, 10.0, 7.0, 0.0, 3.0, 15.0, 15.0, 17.0, 12.0])
('Pasco-Florida', 'OZONE', [10.0, 12.0, 5.0, 12.0, 13.0, 6.0, 8.0, 8.0, 8.0, 0.0, 7.0, 12.0, 13.0, 10.0, 0.0, 10.0, 1.0, 12.0, 15.0, 2.0, 8.0])
('Paulding-Georgia', 'OZONE', [5.0, 15.0, 12.0, 16.0, 16.0, 17.0, 12.0, 7.0, 6.0, 18.0, 5.0, 16.0, 11.0, 16.0, 10.0, 14.0, 16.0, 14.0, 16.0, 17.0, 7.0])
('Penobscot-Maine', 'OZONE', [11.0, 4.0, 15.0, 14.0, 8.0, 11.0, 18.0, 14.0, 11.0, 12.0, 13.0, 7.0, 3.0, 4.0, 8.0, 4.0, 8.0, 0.0, 10.0, 8.0, 0.0])
('Peoria-Illinois', 'OZONE', [3.0, 0.0, 1.0, 1.0, 1.0, 3.0, 2.0, 2.0, 2.0, 3.0, 2.0, 3.0, 5.0, 7.0, 6.0, 8.0, 1.0, 3.0, 4.0, 3.0, 5.0])
('Perry-Kentucky', 'OZONE', [5.0, 3.0, 3.0, 2.0, 1.0, 7.0, 3.0, 8.0, 2.0, 7.0, 8.0, 7.0, 1.0, 13.0, 4.0, 8.0, 11.0, 14.0, 11.0, 8.0, 10.0])
('Philadelphia-Pennsylvania', 'OZONE', [0.0, 0.0, 0.0, 0.0, 0.0, 0.0, 0.0, 0.0, 0.0, 0.0, 1.0, 0.0, 0.0, 0.0, 6.0, 2.0, 2.0, 0.0, 0.0, 0.0, 0.0])
('Pickens-South Carolina', 'OZONE', [1.0, 18.0, 8.0, 0.0, 10.0, 18.0, 16.0, 2.0, 9.0, 7.0, 3.0, 12.0, 8.0, 5.0, 7.0, 9.0, 6.0, 13.0, 13.0, 15.0, 11.0])
('Pierce-Washington', 'OZONE', [3.0, 2.0, 3.0, 5.0, 2.0, 2.0, 8.0, 2.0, 0.0, 0.0, 2.0, 4.0, 3.0, 3.0, 6.0, 3.0, 0.0, 4.0, 2.0, 14.0, 0.0])
('Pike-Kentucky', 'OZONE', [2.0, 1.0, 2.0, 3.0, 4.0, 0.0, 4.0, 3.0, 0.0, 3.0, 4.0, 3.0, 0.0, 10.0, 5.0, 8.0, 1.0, 10.0, 3.0, 1.0, 2.0])
('Pima-Arizona', 'OZONE', [2.0, 1.0, 3.0, 1.0, 4.0, 1.0, 2.0, 3.0, 3.0, 2.0, 3.0, 4.0, 4.0, 8.0, 6.0, 3.0, 7.0, 10.0, 5.0, 6.0, 12.0])
('Pinellas-Florida', 'OZONE', [5.0, 3.0, 5.0, 4.0, 1.0, 9.0, 8.0, 8.0, 1.0, 10.0, 8.0, 8.0, 11.0, 10.0, 12.0, 10.0, 5.0, 13.0, 13.0, 11.0, 6.0])
('Placer-California', 'OZONE', [0.0, 0.0, 0.0, 0.0, 0.0, 1.0, 0.0, 2.0, 1.0, 2.0, 2.0, 5.0, 4.0, 4.0, 3.0, 1.0, 3.0, 6.0, 6.0, 1.0, 1.0])
('Polk-Florida', 'OZONE', [4.0, 4.0, 9.0, 7.0, 8.0, 10.0, 2.0, 0.0, 7.0, 3.0, 9.0, 11.0, 14.0, 11.0, 11.0, 13.0, 13.0, 13.0, 14.0, 7.0, 12.0])
('Polk-Iowa', 'OZONE', [0.0, 0.0, 3.0, 0.0, 8.0, 4.0, 0.0, 2.0, 3.0, 0.0, 1.0, 5.0, 2.0, 9.0, 6.0, 9.0, 12.0, 8.0, 8.0, 14.0, 10.0])
('Porter-Indiana', 'OZONE', [3.0, 13.0, 3.0, 8.0, 3.0, 3.0, 10.0, 7.0, 12.0, 11.0, 3.0, 10.0, 13.0, 3.0, 10.0, 13.0, 0.0, 9.0, 14.0, 19.0, 10.0])
('Preble-Ohio', 'OZONE', [1.0, 6.0, 7.0, 10.0, 9.0, 2.0, 6.0, 6.0, 10.0, 4.0, 8.0, 8.0, 12.0, 14.0, 13.0, 16.0, 5.0, 4.0, 8.0, 4.0, 6.0])
("Prince George's-Maryland", 'OZONE', [6.0, 8.0, 0.0, 1.0, 3.0, 2.0, 3.0, 7.0, 2.0, 1.0, 1.0, 2.0, 0.0, 0.0, 4.0, 0.0, 6.0, 2.0, 1.0, 0.0, 1.0])
('Prince William-Virginia', 'OZONE', [6.0, 8.0, 6.0, 14.0, 10.0, 4.0, 0.0, 2.0, 1.0, 1.0, 6.0, 10.0, 8.0, 12.0, 8.0, 5.0, 8.0, 11.0, 1.0, 16.0, 12.0])
('Providence-Rhode Island', 'OZONE', [7.0, 6.0, 4.0, 1.0, 8.0, 3.0, 12.0, 9.0, 19.0, 14.0, 14.0, 14.0, 5.0, 15.0, 2.0, 16.0, 4.0, 11.0, 7.0, 3.0, 9.0])
('Pulaski-Arkansas', 'OZONE', [4.0, 2.0, 4.0, 4.0, 2.0, 1.0, 2.0, 0.0, 1.0, 0.0, 3.0, 1.0, 1.0, 3.0, 6.0, 10.0, 9.0, 5.0, 4.0, 1.0, 6.0])
('Pulaski-Kentucky', 'OZONE', [14.0, 6.0, 11.0, 11.0, 9.0, 9.0, 13.0, 3.0, 0.0, 12.0, 2.0, 11.0, 6.0, 15.0, 6.0, 16.0, 11.0, 18.0, 17.0, 11.0, 9.0])
('Putnam-New York', 'OZONE', [10.0, 14.0, 10.0, 14.0, 5.0, 8.0, 11.0, 14.0, 3.0, 5.0, 7.0, 3.0, 2.0, 2.0, 8.0, 8.0, 7.0, 3.0, 6.0, 3.0, 9.0])
('Richland-South Carolina', 'OZONE', [0.0, 0.0, 2.0, 0.0, 3.0, 0.0, 4.0, 1.0, 2.0, 3.0, 3.0, 8.0, 0.0, 6.0, 5.0, 0.0, 3.0, 1.0, 8.0, 4.0, 5.0])
('Richmond-Georgia', 'OZONE', [3.0, 5.0, 3.0, 10.0, 9.0, 2.0, 2.0, 2.0, 3.0, 4.0, 6.0, 16.0, 7.0, 2.0, 4.0, 10.0, 15.0, 2.0, 10.0, 11.0, 11.0])
('Richmond-New York', 'OZONE', [1.0, 12.0, 3.0, 3.0, 3.0, 6.0, 4.0, 7.0, 3.0, 3.0, 2.0, 7.0, 0.0, 2.0, 4.0, 5.0, 7.0, 1.0, 2.0, 9.0, 6.0])
('Riverside-California', 'OZONE', [3.0, 3.0, 0.0, 5.0, 3.0, 0.0, 0.0, 3.0, 0.0, 0.0, 2.0, 0.0, 0.0, 0.0, 0.0, 0.0, 1.0, 0.0, 1.0, 0.0, 4.0])
('Roanoke-Virginia', 'OZONE', [17.0, 11.0, 13.0, 16.0, 7.0, 0.0, 16.0, 9.0, 8.0, 6.0, 0.0, 10.0, 11.0, 15.0, 5.0, 3.0, 14.0, 7.0, 16.0, 13.0, 14.0])
('Rock-Wisconsin', 'OZONE', [10.0, 6.0, 9.0, 3.0, 12.0, 9.0, 14.0, 11.0, 18.0, 8.0, 13.0, 9.0, 8.0, 5.0, 8.0, 6.0, 14.0, 16.0, 18.0, 14.0, 10.0])
('Rock Island-Illinois', 'OZONE', [4.0, 3.0, 1.0, 1.0, 3.0, 5.0, 3.0, 4.0, 3.0, 1.0, 3.0, 3.0, 3.0, 5.0, 6.0, 7.0, 6.0, 4.0, 7.0, 6.0, 9.0])
('Rockdale-Georgia', 'OZONE', [3.0, 14.0, 11.0, 13.0, 5.0, 2.0, 4.0, 2.0, 6.0, 9.0, 9.0, 14.0, 14.0, 12.0, 6.0, 9.0, 7.0, 14.0, 15.0, 14.0, 3.0])
('Rockingham-New Hampshire', 'OZONE', [3.0, 9.0, 12.0, 2.0, 1.0, 0.0, 9.0, 14.0, 9.0, 15.0, 13.0, 13.0, 3.0, 1.0, 6.0, 10.0, 3.0, 5.0, 7.0, 8.0, 10.0])
('Rockingham-North Carolina', 'OZONE', [11.0, 17.0, 14.0, 15.0, 7.0, 9.0, 17.0, 4.0, 7.0, 6.0, 7.0, 12.0, 12.0, 8.0, 13.0, 17.0, 18.0, 15.0, 16.0, 15.0, 14.0])
('Rowan-North Carolina', 'OZONE', [13.0, 3.0, 8.0, 8.0, 1.0, 3.0, 13.0, 3.0, 6.0, 7.0, 5.0, 4.0, 6.0, 3.0, 7.0, 13.0, 14.0, 6.0, 5.0, 10.0, 5.0])
('Saint Clair-Illinois', 'OZONE', [2.0, 1.0, 2.0, 1.0, 1.0, 3.0, 1.0, 1.0, 4.0, 3.0, 1.0, 3.0, 3.0, 2.0, 1.0, 3.0, 5.0, 4.0, 4.0, 1.0, 6.0])
('Saint Louis-Missouri', 'OZONE', [5.0, 8.0, 8.0, 6.0, 6.0, 0.0, 3.0, 0.0, 8.0, 0.0, 5.0, 10.0, 7.0, 7.0, 5.0, 10.0, 1.0, 10.0, 8.0, 7.0, 9.0])
('Salt Lake-Utah', 'OZONE', [3.0, 1.0, 8.0, 5.0, 1.0, 0.0, 8.0, 16.0, 0.0, 2.0, 2.0, 1.0, 1.0, 2.0, 1.0, 0.0, 1.0, 1.0, 0.0, 3.0, 2.0])
('San Benito-California', 'OZONE', [6.0, 11.0, 10.0, 14.0, 8.0, 9.0, 10.0, 12.0, 8.0, 5.0, 8.0, 10.0, 15.0, 9.0, 13.0, 4.0, 8.0, 6.0, 8.0, 17.0, 13.0])
('San Bernardino-California', 'OZONE', [2.0, 2.0, 0.0, 0.0, 0.0, 1.0, 0.0, 1.0, 2.0, 1.0, 1.0, 4.0, 4.0, 2.0, 1.0, 2.0, 3.0, 1.0, 2.0, 5.0, 0.0])
('San Diego-California', 'OZONE', [2.0, 2.0, 2.0, 1.0, 0.0, 0.0, 3.0, 4.0, 0.0, 1.0, 0.0, 3.0, 1.0, 5.0, 2.0, 0.0, 0.0, 2.0, 1.0, 3.0, 0.0])
('San Francisco-California', 'OZONE', [3.0, 3.0, 3.0, 3.0, 3.0, 2.0, 1.0, 1.0, 1.0, 2.0, 1.0, 1.0, 5.0, 1.0, 3.0, 1.0, 2.0, 6.0, 4.0, 3.0, 5.0])
('San Joaquin-California', 'OZONE', [2.0, 2.0, 0.0, 2.0, 1.0, 1.0, 3.0, 0.0, 0.0, 2.0, 2.0, 3.0, 5.0, 2.0, 2.0, 3.0, 3.0, 7.0, 6.0, 6.0, 3.0])
('San Juan-Utah', 'OZONE', [23.0, 17.0, 15.0, 26.0, 22.0, 22.0, 27.0, 25.0, 19.0, 24.0, 26.0, 25.0, 27.0, 25.0, 31.0, 23.0, 25.0, 30.0, 27.0, 21.0, 21.0])
('San Luis Obispo-California', 'OZONE', [6.0, 0.0, 8.0, 10.0, 4.0, 5.0, 3.0, 1.0, 3.0, 1.0, 4.0, 8.0, 9.0, 12.0, 3.0, 5.0, 6.0, 6.0, 2.0, 5.0, 8.0])
('San Mateo-California', 'OZONE', [2.0, 2.0, 2.0, 2.0, 2.0, 1.0, 2.0, 2.0, 1.0, 1.0, 2.0, 3.0, 3.0, 1.0, 1.0, 2.0, 1.0, 4.0, 1.0, 6.0, 3.0])
('Sandoval-New Mexico', 'OZONE', [8.0, 12.0, 5.0, 8.0, 7.0, 9.0, 8.0, 6.0, 6.0, 8.0, 9.0, 0.0, 3.0, 0.0, 8.0, 11.0, 11.0, 20.0, 17.0, 13.0, 15.0])
('Sangamon-Illinois', 'OZONE', [3.0, 3.0, 5.0, 3.0, 3.0, 3.0, 2.0, 3.0, 2.0, 6.0, 2.0, 2.0, 4.0, 8.0, 6.0, 9.0, 8.0, 1.0, 6.0, 2.0, 6.0])
('Santa Barbara-California', 'OZONE', [0.0, 1.0, 2.0, 8.0, 0.0, 3.0, 4.0, 2.0, 8.0, 6.0, 6.0, 5.0, 9.0, 8.0, 6.0, 8.0, 10.0, 9.0, 6.0, 15.0, 14.0])
('Santa Clara-California', 'OZONE', [0.0, 0.0, 0.0, 1.0, 0.0, 2.0, 3.0, 1.0, 1.0, 1.0, 1.0, 4.0, 5.0, 2.0, 2.0, 0.0, 2.0, 4.0, 0.0, 3.0, 2.0])
('Santa Cruz-California', 'OZONE', [3.0, 6.0, 5.0, 3.0, 3.0, 3.0, 2.0, 3.0, 4.0, 1.0, 2.0, 4.0, 6.0, 3.0, 4.0, 4.0, 6.0, 4.0, 2.0, 12.0, 13.0])
('Sarasota-Florida', 'OZONE', [4.0, 11.0, 13.0, 8.0, 8.0, 11.0, 9.0, 10.0, 6.0, 7.0, 7.0, 9.0, 8.0, 11.0, 12.0, 12.0, 8.0, 14.0, 13.0, 12.0, 12.0])
('Saratoga-New York', 'OZONE', [1.0, 3.0, 4.0, 3.0, 2.0, 1.0, 5.0, 3.0, 8.0, 3.0, 7.0, 4.0, 5.0, 8.0, 14.0, 12.0, 8.0, 9.0, 10.0, 11.0, 10.0])
('Sauk-Wisconsin', 'OZONE', [8.0, 8.0, 8.0, 6.0, 11.0, 15.0, 16.0, 14.0, 5.0, 2.0, 9.0, 4.0, 5.0, 10.0, 8.0, 12.0, 13.0, 17.0, 15.0, 13.0, 11.0])
('Seminole-Florida', 'OZONE', [8.0, 0.0, 5.0, 9.0, 11.0, 4.0, 12.0, 7.0, 8.0, 15.0, 9.0, 11.0, 12.0, 10.0, 15.0, 12.0, 5.0, 11.0, 14.0, 11.0, 18.0])
('Sevier-Tennessee', 'OZONE', [9.0, 15.0, 9.0, 14.0, 23.0, 18.0, 25.0, 20.0, 17.0, 22.0, 19.0, 18.0, 19.0, 19.0, 17.0, 24.0, 18.0, 16.0, 18.0, 17.0, 14.0])
('Sheboygan-Wisconsin', 'OZONE', [13.0, 14.0, 16.0, 14.0, 4.0, 11.0, 14.0, 18.0, 5.0, 13.0, 13.0, 11.0, 17.0, 14.0, 8.0, 16.0, 14.0, 17.0, 17.0, 11.0, 17.0])
('Shelby-Alabama', 'OZONE', [0.0, 4.0, 7.0, 8.0, 8.0, 6.0, 5.0, 8.0, 1.0, 13.0, 7.0, 3.0, 14.0, 8.0, 10.0, 0.0, 12.0, 15.0, 13.0, 10.0, 7.0])
('Shelby-Tennessee', 'OZONE', [2.0, 4.0, 10.0, 18.0, 13.0, 8.0, 13.0, 6.0, 3.0, 4.0, 4.0, 10.0, 8.0, 3.0, 8.0, 14.0, 3.0, 6.0, 3.0, 5.0, 4.0])
('Siskiyou-California', 'OZONE', [0.0, 0.0, 9.0, 1.0, 0.0, 11.0, 0.0, 0.0, 5.0, 1.0, 2.0, 1.0, 6.0, 3.0, 1.0, 3.0, 3.0, 6.0, 4.0, 2.0, 3.0])
('Smith-Texas', 'OZONE', [5.0, 10.0, 4.0, 1.0, 9.0, 4.0, 8.0, 3.0, 3.0, 8.0, 8.0, 7.0, 4.0, 2.0, 7.0, 12.0, 13.0, 13.0, 6.0, 5.0, 5.0])
('Spartanburg-South Carolina', 'OZONE', [0.0, 0.0, 2.0, 3.0, 4.0, 2.0, 0.0, 2.0, 9.0, 5.0, 7.0, 10.0, 1.0, 3.0, 5.0, 1.0, 8.0, 19.0, 16.0, 17.0, 17.0])
('Spokane-Washington', 'OZONE', [17.0, 9.0, 17.0, 10.0, 13.0, 13.0, 21.0, 21.0, 18.0, 7.0, 15.0, 12.0, 0.0, 18.0, 22.0, 11.0, 13.0, 19.0, 6.0, 2.0, 17.0])
('St. Bernard-Louisiana', 'OZONE', [5.0, 4.0, 7.0, 6.0, 3.0, 7.0, 6.0, 8.0, 7.0, 10.0, 8.0, 13.0, 8.0, 3.0, 4.0, 1.0, 8.0, 6.0, 8.0, 10.0, 11.0])
('St. John the Baptist-Louisiana', 'OZONE', [5.0, 3.0, 7.0, 4.0, 7.0, 6.0, 7.0, 7.0, 7.0, 9.0, 7.0, 10.0, 7.0, 7.0, 8.0, 10.0, 8.0, 11.0, 7.0, 10.0, 12.0])
('St. Louis City-Missouri', 'OZONE', [2.0, 6.0, 0.0, 0.0, 6.0, 0.0, 0.0, 0.0, 3.0, 0.0, 4.0, 1.0, 7.0, 8.0, 4.0, 4.0, 5.0, 4.0, 6.0, 2.0, 7.0])
('Stafford-Virginia', 'OZONE', [1.0, 9.0, 3.0, 2.0, 4.0, 11.0, 3.0, 2.0, 4.0, 0.0, 3.0, 12.0, 16.0, 2.0, 6.0, 5.0, 11.0, 6.0, 2.0, 9.0, 7.0])
('Stanislaus-California', 'OZONE', [2.0, 3.0, 3.0, 1.0, 3.0, 3.0, 5.0, 1.0, 2.0, 1.0, 2.0, 3.0, 4.0, 2.0, 1.0, 3.0, 3.0, 1.0, 6.0, 5.0, 4.0])
('Stark-Ohio', 'OZONE', [0.0, 6.0, 8.0, 3.0, 14.0, 1.0, 2.0, 1.0, 10.0, 2.0, 5.0, 9.0, 14.0, 11.0, 0.0, 5.0, 9.0, 8.0, 15.0, 3.0, 0.0])
('Suffolk-New York', 'OZONE', [2.0, 2.0, 1.0, 2.0, 1.0, 3.0, 1.0, 1.0, 1.0, 1.0, 3.0, 2.0, 3.0, 2.0, 0.0, 1.0, 4.0, 2.0, 6.0, 5.0, 8.0])
('Suffolk City-Virginia', 'OZONE', [12.0, 12.0, 10.0, 10.0, 14.0, 12.0, 17.0, 14.0, 12.0, 12.0, 3.0, 3.0, 14.0, 16.0, 7.0, 3.0, 3.0, 13.0, 10.0, 6.0, 17.0])
('Summit-Ohio', 'OZONE', [0.0, 8.0, 5.0, 4.0, 16.0, 1.0, 8.0, 2.0, 6.0, 3.0, 4.0, 9.0, 14.0, 15.0, 11.0, 8.0, 11.0, 12.0, 10.0, 11.0, 5.0])
('Sumner-Tennessee', 'OZONE', [3.0, 3.0, 9.0, 2.0, 2.0, 0.0, 6.0, 1.0, 1.0, 6.0, 11.0, 6.0, 3.0, 8.0, 8.0, 1.0, 17.0, 11.0, 7.0, 7.0, 10.0])
('Sutter-California', 'OZONE', [3.0, 2.0, 6.0, 1.0, 3.0, 2.0, 3.0, 3.0, 0.0, 1.0, 1.0, 3.0, 10.0, 2.0, 0.0, 1.0, 3.0, 6.0, 4.0, 7.0, 5.0])
('Swain-North Carolina', 'OZONE', [8.0, 14.0, 14.0, 9.0, 10.0, 5.0, 12.0, 3.0, 10.0, 10.0, 0.0, 8.0, 10.0, 8.0, 10.0, 8.0, 12.0, 4.0, 12.0, 9.0, 4.0])
('Tarrant-Texas', 'OZONE', [4.0, 6.0, 2.0, 0.0, 2.0, 2.0, 4.0, 0.0, 2.0, 0.0, 1.0, 2.0, 2.0, 0.0, 0.0, 2.0, 2.0, 10.0, 5.0, 2.0, 2.0])
('Tehama-California', 'OZONE', [0.0, 9.0, 8.0, 14.0, 1.0, 0.0, 2.0, 1.0, 1.0, 3.0, 0.0, 1.0, 8.0, 1.0, 7.0, 3.0, 6.0, 8.0, 7.0, 8.0, 7.0])
('Teton-Wyoming', 'OZONE', [11.0, 19.0, 20.0, 27.0, 23.0, 20.0, 24.0, 25.0, 19.0, 19.0, 26.0, 25.0, 23.0, 21.0, 25.0, 25.0, 22.0, 26.0, 24.0, 22.0, 19.0])
('Travis-Texas', 'OZONE', [4.0, 2.0, 3.0, 0.0, 4.0, 8.0, 3.0, 2.0, 3.0, 3.0, 2.0, 1.0, 5.0, 1.0, 6.0, 7.0, 9.0, 6.0, 10.0, 4.0, 4.0])
('Trumbull-Ohio', 'OZONE', [5.0, 10.0, 10.0, 11.0, 15.0, 3.0, 8.0, 7.0, 12.0, 3.0, 8.0, 14.0, 11.0, 14.0, 14.0, 8.0, 10.0, 12.0, 15.0, 0.0, 6.0])
('Tulare-California', 'OZONE', [0.0, 2.0, 3.0, 3.0, 1.0, 3.0, 3.0, 2.0, 1.0, 2.0, 1.0, 3.0, 3.0, 5.0, 5.0, 2.0, 4.0, 4.0, 4.0, 1.0, 5.0])
('Tulsa-Oklahoma', 'OZONE', [2.0, 3.0, 2.0, 1.0, 8.0, 1.0, 1.0, 0.0, 3.0, 3.0, 0.0, 7.0, 6.0, 7.0, 6.0, 5.0, 3.0, 1.0, 6.0, 3.0, 6.0])
('Tuolumne-California', 'OZONE', [8.0, 8.0, 7.0, 13.0, 12.0, 6.0, 10.0, 9.0, 7.0, 6.0, 4.0, 11.0, 15.0, 8.0, 7.0, 7.0, 7.0, 13.0, 11.0, 15.0, 8.0])
('Vanderburgh-Indiana', 'OZONE', [3.0, 20.0, 4.0, 8.0, 15.0, 4.0, 5.0, 9.0, 4.0, 5.0, 10.0, 14.0, 17.0, 10.0, 5.0, 14.0, 1.0, 18.0, 6.0, 7.0, 6.0])
('Ventura-California', 'OZONE', [3.0, 0.0, 3.0, 2.0, 0.0, 0.0, 2.0, 5.0, 6.0, 1.0, 2.0, 5.0, 6.0, 3.0, 7.0, 3.0, 9.0, 14.0, 6.0, 14.0, 16.0])
('Vigo-Indiana', 'OZONE', [8.0, 19.0, 3.0, 19.0, 15.0, 3.0, 12.0, 6.0, 8.0, 11.0, 3.0, 9.0, 5.0, 5.0, 14.0, 19.0, 4.0, 17.0, 7.0, 18.0, 17.0])
('Vilas-Wisconsin', 'OZONE', [2.0, 11.0, 8.0, 12.0, 13.0, 16.0, 14.0, 11.0, 13.0, 14.0, 14.0, 15.0, 19.0, 14.0, 14.0, 16.0, 14.0, 14.0, 16.0, 16.0, 16.0])
('Volusia-Florida', 'OZONE', [8.0, 0.0, 8.0, 7.0, 0.0, 8.0, 12.0, 5.0, 8.0, 4.0, 7.0, 11.0, 12.0, 9.0, 8.0, 3.0, 6.0, 11.0, 12.0, 14.0, 15.0])
('Wake-North Carolina', 'OZONE', [4.0, 4.0, 4.0, 8.0, 3.0, 1.0, 7.0, 5.0, 0.0, 0.0, 0.0, 0.0, 10.0, 2.0, 6.0, 9.0, 7.0, 3.0, 0.0, 4.0, 4.0])
('Walworth-Wisconsin', 'OZONE', [15.0, 14.0, 12.0, 3.0, 16.0, 14.0, 14.0, 15.0, 18.0, 11.0, 3.0, 14.0, 10.0, 14.0, 11.0, 19.0, 16.0, 19.0, 17.0, 12.0, 12.0])
('Warrick-Indiana', 'OZONE', [3.0, 19.0, 10.0, 15.0, 12.0, 4.0, 13.0, 7.0, 5.0, 6.0, 12.0, 15.0, 14.0, 14.0, 1.0, 17.0, 1.0, 4.0, 0.0, 16.0, 5.0])
('Washington-Ohio', 'OZONE', [5.0, 11.0, 10.0, 5.0, 14.0, 3.0, 2.0, 5.0, 11.0, 4.0, 4.0, 9.0, 8.0, 18.0, 9.0, 6.0, 10.0, 17.0, 14.0, 3.0, 12.0])
('Washington-Pennsylvania', 'OZONE', [1.0, 5.0, 12.0, 3.0, 1.0, 0.0, 0.0, 3.0, 10.0, 1.0, 2.0, 12.0, 3.0, 12.0, 6.0, 0.0, 3.0, 5.0, 1.0, 1.0, 3.0])
('Washoe-Nevada', 'OZONE', [3.0, 5.0, 1.0, 2.0, 4.0, 2.0, 2.0, 0.0, 1.0, 1.0, 1.0, 2.0, 3.0, 2.0, 1.0, 1.0, 5.0, 3.0, 1.0, 1.0, 2.0])
('Washtenaw-Michigan', 'OZONE', [10.0, 10.0, 11.0, 14.0, 19.0, 3.0, 7.0, 19.0, 12.0, 8.0, 5.0, 8.0, 11.0, 15.0, 14.0, 9.0, 5.0, 2.0, 6.0, 4.0, 10.0])
('Waukesha-Wisconsin', 'OZONE', [10.0, 12.0, 9.0, 7.0, 14.0, 10.0, 9.0, 6.0, 14.0, 3.0, 3.0, 12.0, 11.0, 7.0, 8.0, 15.0, 11.0, 14.0, 15.0, 9.0, 12.0])
('Wayne-Michigan', 'OZONE', [0.0, 3.0, 0.0, 5.0, 0.0, 1.0, 1.0, 8.0, 8.0, 3.0, 0.0, 0.0, 1.0, 12.0, 5.0, 2.0, 1.0, 0.0, 4.0, 1.0, 6.0])
('Wayne-New York', 'OZONE', [3.0, 3.0, 4.0, 10.0, 9.0, 7.0, 7.0, 4.0, 10.0, 7.0, 7.0, 12.0, 13.0, 8.0, 7.0, 10.0, 7.0, 9.0, 15.0, 17.0, 14.0])
('Weber-Utah', 'OZONE', [15.0, 18.0, 21.0, 19.0, 16.0, 14.0, 21.0, 23.0, 23.0, 15.0, 13.0, 16.0, 19.0, 3.0, 1.0, 2.0, 0.0, 2.0, 2.0, 3.0, 3.0])
('Weld-Colorado', 'OZONE', [1.0, 1.0, 1.0, 1.0, 0.0, 0.0, 1.0, 2.0, 1.0, 1.0, 6.0, 4.0, 7.0, 1.0, 5.0, 3.0, 10.0, 5.0, 4.0, 5.0, 9.0])
('West Baton Rouge-Louisiana', 'OZONE', [0.0, 2.0, 3.0, 2.0, 4.0, 5.0, 3.0, 8.0, 6.0, 6.0, 8.0, 8.0, 4.0, 1.0, 4.0, 0.0, 8.0, 8.0, 0.0, 1.0, 5.0])
('Westchester-New York', 'OZONE', [2.0, 1.0, 2.0, 1.0, 2.0, 2.0, 0.0, 3.0, 2.0, 1.0, 0.0, 0.0, 1.0, 3.0, 0.0, 2.0, 1.0, 1.0, 3.0, 5.0, 6.0])
('Westmoreland-Pennsylvania', 'OZONE', [4.0, 1.0, 3.0, 3.0, 0.0, 0.0, 0.0, 0.0, 1.0, 1.0, 5.0, 9.0, 3.0, 8.0, 8.0, 1.0, 5.0, 7.0, 2.0, 6.0, 7.0])
('Will-Illinois', 'OZONE', [2.0, 2.0, 2.0, 1.0, 2.0, 3.0, 1.0, 3.0, 2.0, 3.0, 6.0, 5.0, 5.0, 8.0, 6.0, 11.0, 8.0, 7.0, 9.0, 7.0, 5.0])
('Wilson-Tennessee', 'OZONE', [12.0, 6.0, 8.0, 6.0, 5.0, 1.0, 14.0, 5.0, 1.0, 8.0, 8.0, 18.0, 17.0, 10.0, 8.0, 3.0, 15.0, 3.0, 15.0, 9.0, 10.0])
('Winnebago-Illinois', 'OZONE', [2.0, 3.0, 2.0, 3.0, 2.0, 3.0, 1.0, 2.0, 1.0, 1.0, 2.0, 0.0, 3.0, 3.0, 6.0, 11.0, 7.0, 6.0, 3.0, 6.0, 7.0])
('Worcester-Massachusetts', 'OZONE', [8.0, 6.0, 3.0, 7.0, 18.0, 6.0, 7.0, 13.0, 19.0, 15.0, 14.0, 15.0, 8.0, 14.0, 12.0, 13.0, 9.0, 13.0, 5.0, 1.0, 9.0])
('Wyandotte-Kansas', 'OZONE', [2.0, 2.0, 3.0, 2.0, 2.0, 3.0, 3.0, 1.0, 1.0, 3.0, 1.0, 3.0, 6.0, 2.0, 0.0, 2.0, 3.0, 6.0, 5.0, 2.0, 8.0])
('Wythe-Virginia', 'OZONE', [2.0, 14.0, 3.0, 18.0, 19.0, 0.0, 9.0, 12.0, 12.0, 2.0, 4.0, 15.0, 14.0, 14.0, 13.0, 2.0, 12.0, 21.0, 18.0, 5.0, 13.0])
('Yancey-North Carolina', 'OZONE', [27.0, 27.0, 22.0, 24.0, 2.0, 23.0, 27.0, 24.0, 21.0, 19.0, 23.0, 28.0, 26.0, 17.0, 22.0, 21.0, 28.0, 22.0, 21.0, 25.0, 19.0])
('Yolo-California', 'OZONE', [0.0, 0.0, 2.0, 1.0, 0.0, 1.0, 6.0, 4.0, 1.0, 0.0, 1.0, 3.0, 6.0, 4.0, 0.0, 2.0, 4.0, 6.0, 7.0, 7.0, 6.0])
('York-Maine', 'OZONE', [1.0, 2.0, 13.0, 0.0, 0.0, 1.0, 9.0, 15.0, 13.0, 8.0, 9.0, 8.0, 4.0, 6.0, 6.0, 9.0, 4.0, 8.0, 10.0, 9.0, 13.0])
('York-Pennsylvania', 'OZONE', [6.0, 4.0, 0.0, 3.0, 5.0, 0.0, 9.0, 4.0, 3.0, 2.0, 4.0, 8.0, 12.0, 14.0, 8.0, 0.0, 6.0, 3.0, 3.0, 3.0, 2.0])
('York-South Carolina', 'OZONE', [11.0, 2.0, 0.0, 4.0, 8.0, 9.0, 8.0, 1.0, 6.0, 8.0, 3.0, 12.0, 6.0, 7.0, 4.0, 10.0, 14.0, 11.0, 9.0, 5.0, 4.0])
