('Adams-Colorado', 'SO2', [25.912328767123288, 27.316939890710383, 26.846575342465755, 22.854794520547944, 25.065753424657533, 21.48087431693989, 22.937106918238992, 20.637860082304528, 15.458856345885634, 14.709251101321586, 12.494505494505495, 11.201183431952662, 10.40495867768595, 10.373595505617978, 10.075, 8.778425655976676, 8.63400576368876, 6.752777777777778, 7.9502762430939224, 6.194444444444445, 5.124653739612189])
('Allen-Ohio', 'SO2', [10.881868131868131, 11.83879781420765, 11.717808219178082, 12.342696629213483, 11.3601108033241, 10.192307692307692, 10.475, 10.271232876712329, 10.408219178082192, 9.052054794520547, 9.858725761772853, 8.101369863013698, 7.838356164383562, 6.978142076502732, 5.961432506887053, 6.701369863013698, 4.472222222222222, 3.948087431693989, 3.038567493112948, 3.1616438356164385, 1.7287671232876711])
('Ashtabula-Ohio', 'SO2', [17.270655270655272, 25.311897106109324, 31.130193905817176, 22.493150684931507, 23.002739726027396, 18.612021857923498, 17.85753424657534, 17.476712328767125, 15.613698630136986, 13.561452513966481, 14.827397260273973, 13.464285714285714, 12.091160220994475, 11.827868852459016, 10.471232876712328, 6.6695652173913045, 6.8273972602739725, 7.136612021857924, 5.575342465753424, 5.910863509749303, 5.758904109589041])
('Atlantic-New Jersey', 'SO2', [9.419178082191781, 10.08611111111111, 9.547945205479452, 9.013698630136986, 8.30958904109589, 8.179558011049723, 7.884931506849315, 7.389041095890411, 8.30958904109589, 6.900874635568513, 7.1344537815126055, 5.2631578947368425, 5.976241900647948, 5.236111111111111, 3.0941828254847645, 2.4027397260273973, 1.5030674846625767, 0.712707182320442, 1.1160220994475138, 1.0306406685236769, 0.5863013698630137])
('Beaufort-North Carolina', 'SO2', [9.630098452883264, 13.231778425655977, 14.73857142857143, 14.182960893854748, 14.831034482758621, 11.367892976588628, 19.06515580736544, 16.333333333333332, 14.601190476190476, 19.325513196480937, 13.98611111111111, 6.526610644257703, 6.322857142857143, 6.663865546218488, 4.603305785123967, 4.044321329639889, 5.860335195530726, 5.106145251396648, 4.86027397260274, 4.313186813186813, 3.4157303370786516])
('Beaver-Pennsylvania', 'SO2', [44.16574585635359, 43.57988980716254, 47.06013986013986, 47.414768806073155, 51.60091743119266, 45.5264116575592, 48.68675799086758, 49.33550185873606, 43.90750915750916, 44.0985401459854, 43.05494505494506, 36.98992673992674, 38.40174249757987, 34.695211786372006, 33.837465564738295, 24.567454798331017, 19.794692737430168, 18.479477611940297, 10.217836257309942, 9.383190883190883, 6.991489361702127])
('Berks-Pennsylvania', 'SO2', [32.58161865569273, 33.9095966620306, 33.726256983240226, 32.623108665749655, 32.035616438356165, 30.784153005464482, 29.14246575342466, 30.24109589041096, 32.29526462395543, 30.721311475409838, 29.33150684931507, 25.114754098360656, 19.407608695652176, 17.304109589041097, 13.107142857142858, 9.601108033240997, 7.187675070028011, 2.5, 4.0, 3.834254143646409, 3.6288951841359776])
('Billings-North Dakota', 'SO2', [5.2122370936902485, 4.558743169398907, 4.631329113924051, 2.7161290322580647, 2.4649122807017543, 2.3430232558139537, 2.1123287671232878, 2.0575342465753423, 2.2325581395348837, 1.8598130841121496, 1.1914285714285715, 0.6136986301369863, 0.9141274238227147, 0.6721311475409836, 2.1805555555555554, 0.8067226890756303, 0.7808219178082192, 0.6420765027322405, 0.7315068493150685, 0.82, 1.3763736263736264])
('Blair-Pennsylvania', 'SO2', [29.218232044198896, 29.762295081967213, 32.821917808219176, 27.720670391061454, 26.319327731092436, 22.35792349726776, 29.523287671232875, 25.493150684931507, 23.24931506849315, 22.953551912568305, 25.552777777777777, 22.723463687150836, 21.621917808219177, 19.92876712328767, 16.432876712328767, 17.167123287671235, 11.557692307692308, 10.958217270194986, 10.122641509433961, 10.035820895522388, 9.149717514124294])
('Blount-Tennessee', 'SO2', [29.944858420268258, 29.850282485875706, 27.49085794655415, 26.14804469273743, 22.407088122605366, 25.584362139917694, 29.825484764542935, 32.95373134328358, 36.96105702364395, 40.70177838577291, 38.58625525946704, 35.319001386962555, 28.667002012072434, 25.52420091324201, 11.4373795761079, 2.4451827242524917, 1.6538461538461537, 0.39171974522292996, 0.3074074074074074, 0.308411214953271, 0.2727272727272727])
('Brooke-West Virginia', 'SO2', [50.64819944598338, 51.7997256515775, 52.04448563484708, 57.361111111111114, 54.798534798534796, 50.45943482224248, 50.86752529898804, 45.29147571035747, 47.209706959706956, 47.81494986326344, 47.42177493138152, 41.03382084095064, 43.21095890410959, 40.67978042086002, 28.787488500459983, 28.433734939759034, 23.33208676140613, 15.909342560553632, 10.812845303867404, 11.101928374655648, 9.743607463718037])
('Broward-Florida', 'SO2', [7.917355371900826, 8.841530054644808, 10.96629213483146, 14.136111111111111, 15.132596685082873, 14.558659217877095, 14.107936507936508, 9.526912181303116, 7.580821917808219, 8.643454038997215, 7.896341463414634, 7.897790055248619, 4.588888888888889, 2.813698630136986, 6.82825484764543, 4.1945205479452055, 1.5616438356164384, 1.5546448087431695, 0.437125748502994, 1.37292817679558, 0.3920552677029361])
('Brown-Wisconsin', 'SO2', [16.35890410958904, 12.953551912568306, 15.282967032967033, 13.367403314917127, 15.280219780219781, 18.555873925501434, 17.34795321637427, 13.521739130434783, 16.8801261829653, 18.07650273224044, 19.439775910364144, 22.02747252747253, 18.958904109589042, 19.975409836065573, 17.088154269972453, 14.480825958702065, 13.358126721763085, 11.5, 12.854794520547944, 14.482191780821918, 11.558904109589042])
('Cabell-West Virginia', 'SO2', [21.328767123287673, 23.237704918032787, 21.172602739726027, 20.356164383561644, 20.075, 21.062841530054644, 17.2090395480226, 17.786301369863015, 17.72876712328767, 19.152974504249293, 18.349030470914126, 16.681318681318682, 16.29945054945055, 18.87123287671233, 11.304109589041095, 11.076712328767123, 11.136498516320474, 8.33815028901734, 5.155797101449275, 5.991071428571429, 4.437853107344632])
('Calcasieu-Louisiana', 'SO2', [15.532763532763532, 18.510928961748633, 12.93972602739726, 13.463013698630137, 17.93972602739726, 19.193989071038253, 14.117808219178082, 19.665753424657535, 20.805479452054794, 13.169491525423728, 13.404692082111437, 11.624657534246575, 10.345205479452055, 9.961432506887052, 9.929971988795518, 11.25207756232687, 12.852054794520548, 10.027855153203342, 4.437673130193906, 4.00828729281768, 3.0082644628099175])
('Cambria-Pennsylvania', 'SO2', [40.63013698630137, 37.49025069637883, 33.07202216066482, 32.93539325842696, 31.175342465753424, 26.684931506849313, 29.93820224719101, 26.863013698630137, 28.245179063360883, 27.21606648199446, 27.986149584487535, 26.790633608815426, 22.717032967032967, 23.046448087431695, 15.74792243767313, 15.8, 10.022222222222222, 14.287162162162161, 12.534375, 13.03735632183908, 8.485795454545455])
('Campbell-Kentucky', 'SO2', [26.057534246575344, 31.12256267409471, 30.56986301369863, 32.80494505494506, 26.63013698630137, 30.505464480874316, 24.607954545454547, 21.91160220994475, 25.130193905817176, 26.40449438202247, 28.46556473829201, 21.84285714285714, 18.642045454545453, 14.918767507002801, 13.794520547945206, 18.783561643835615, 15.01917808219178, 10.805479452054794, 9.402739726027397, 8.936986301369863, 2.75])
('Cass-North Dakota', 'SO2', [5.532258064516129, 4.628895184135978, 5.550684931506849, 3.877742946708464, 1.6952908587257618, 1.314207650273224, 1.3607954545454546, 1.2813370473537604, 1.2417582417582418, 1.5297450424929178, 1.2865013774104683, 0.7178082191780822, 0.5972602739726027, 0.46218487394957986, 0.6703601108033241, 0.6520547945205479, 0.5304347826086957, 0.3633879781420765, 0.3948339483394834, 0.16712328767123288, 0.10227272727272728])
('Catano-Puerto Rico', 'SO2', [34.27017543859649, 28.27094972067039, 31.440119760479043, 32.321875, 24.631178707224336, 35.67112299465241, 24.870253164556964, 29.759601706970127, 13.866666666666667, 11.915857605177994, 10.369876072449951, 9.017307692307693, 9.407231208372979, 7.503846153846154, 7.109603340292275, 6.038976857490865, 2.2741433021806854, 7.90406976744186, 10.843843843843844, 7.373287671232877, 6.92638036809816])
('Charleston-South Carolina', 'SO2', [10.179970972423803, 9.973684210526315, 10.986033519553073, 10.580779944289693, 8.180891719745222, 10.771470160116449, 9.469359331476323, 9.767277856135403, 8.847945205479451, 9.85499316005472, 9.745454545454546, 9.214285714285714, 7.731673582295989, 7.3497267759562845, 4.206849315068493, 4.207133058984911, 3.6370157819225253, 3.212280701754386, 2.2496263079222723, 2.112927191679049, 1.0229132569558101])
('Chatham-Georgia', 'SO2', [20.622837370242216, 19.420974889217135, 16.527190332326285, 12.355608591885442, 15.926905132192847, 16.685792349726775, 18.191103789126853, 19.30691642651297, 14.735080058224163, 18.106351550960117, 21.53922967189729, 16.179063360881543, 15.964936886395511, 15.547814207650273, 13.915068493150685, 17.522222222222222, 15.778248587570621, 13.255172413793103, 13.394520547945206, 12.662756598240469, 7.636986301369863])
('Clark-Ohio', 'SO2', [14.88365650969529, 16.328729281767956, 17.34065934065934, 15.846575342465753, 16.112328767123287, 17.07945205479452, 15.106849315068493, 17.443835616438356, 16.60968660968661, 17.05191256830601, 15.164383561643836, 11.556164383561644, 10.526027397260274, 8.095890410958905, 8.315068493150685, 6.610958904109589, 5.879452054794521, 6.994520547945205, 3.33972602739726, 3.673972602739726, 2.221917808219178])
('Clinton-Iowa', 'SO2', [19.051449953227316, 18.26775956284153, 18.609302325581396, 13.787819253438114, 16.69041095890411, 19.898907103825138, 9.31304347826087, 9.408219178082192, 7.495890410958904, 8.868715083798882, 13.306629834254144, 9.715469613259668, 8.986301369863014, 5.972299168975069, 6.2904109589041095, 4.4035087719298245, 3.9855907780979827, 7.554945054945055, 4.703389830508475, 5.206611570247934, 5.575757575757576])
('Columbiana-Ohio', 'SO2', [40.74002751031637, 43.69821673525377, 40.273381294964025, 39.676783004552355, 42.19166666666667, 41.47107438016529, 45.73121387283237, 38.35068493150685, 34.603305785123965, 36.55464480874317, 32.16434540389972, 26.55678670360111, 26.545205479452054, 27.64804469273743, 25.265753424657536, 11.367123287671232, 8.854794520547944, 6.724043715846994, 6.749287749287749, 7.145205479452055, 3.750684931506849])
('Cook-Illinois', 'SO2', [20.537923313741953, 21.011451474377328, 23.33781307269395, 23.74032202809181, 26.90921690921691, 25.550600343053173, 19.952623335943617, 17.607535321821036, 18.500457875457876, 20.065098039215687, 16.954524575103353, 16.172671970051475, 13.78690036900369, 12.385898046688899, 8.74880069777584, 9.514705882352942, 11.904728299223713, 8.59969207082371, 6.4744420446364295, 4.479559748427673, 3.1894317048853438])
('Dakota-Minnesota', 'SO2', [12.159817351598173, 14.387005649717514, 15.008230452674898, 10.573107049608355, 8.176666666666666, 8.720333102012491, 5.487671232876712, 3.8387769284225155, 4.162742382271468, 2.5127322780454233, 2.7537931034482757, 2.8262362637362637, 2.2294402211472013, 2.1073776479181885, 1.728719723183391, 2.0267489711934155, 1.4996558843771508, 1.795721187025535, 1.5568573397656789, 1.6819739547635366, 1.9957734573119188])
('Dallas-Texas', 'SO2', [8.75, 6.890710382513661, 6.358126721763085, 6.76986301369863, 6.473988439306359, 5.070224719101123, 4.635616438356164, 2.9342465753424656, 4.40934065934066, 3.566473988439306, 4.016574585635359, 3.3829201101928374, 1.7047353760445683, 2.7763578274760383, 1.3463203463203464, 1.919889502762431, 1.9668508287292819, 0.8430232558139535, 0.6398891966759003, 0.7548209366391184, 0.6363636363636364])
('Davidson-Tennessee', 'SO2', [17.62707182320442, 16.505494505494507, 17.073972602739726, 17.994520547945207, 15.983561643835616, 14.37431693989071, 14.397260273972602, 12.101369863013698, 11.01917808219178, 8.002732240437158, 9.854794520547944, 8.798898071625345, 7.863013698630137, 6.6502732240437155, 5.9150684931506845, 5.183561643835616, 4.196132596685083, 5.004115226337449, 2.0760869565217392, 4.15929203539823, 1.1972602739726028])
('Daviess-Indiana', 'SO2', [33.767955801104975, 35.33425414364641, 32.75482093663912, 34.94214876033058, 29.292011019283745, 35.78082191780822, 35.65659340659341, 34.673972602739724, 31.041666666666668, 32.00273224043716, 29.736986301369864, 29.113573407202217, 28.11614730878187, 24.02840909090909, 24.25414364640884, 23.130193905817176, 19.630372492836678, 12.65155807365439, 17.285310734463277, 20.68695652173913, 10.5])
('Daviess-Kentucky', 'SO2', [29.164383561643834, 27.67032967032967, 30.884615384615383, 29.860335195530727, 29.03305785123967, 24.27170868347339, 22.952908587257618, 21.613259668508288, 24.39178082191781, 25.407103825136613, 25.46927374301676, 20.392156862745097, 19.86994219653179, 16.720257234726688, 11.805479452054794, 15.578082191780823, 10.991780821917809, 12.619444444444444, 10.771349862258953, 11.602739726027398, 9.009646302250804])
('Douglas-Nebraska', 'SO2', [17.847025495750707, 20.040345821325648, 19.624657534246577, 8.016713091922005, 3.8011811023622046, 2.2857142857142856, 1.0267062314540059, 2.8242857142857143, 4.293413173652695, 6.180635838150289, 8.118549511854951, 5.4475524475524475, 5.640953716690042, 3.6051912568306013, 4.820916905444126, 3.9849108367626886, 8.650246305418719, 8.197802197802197, 6.537271448663854, 6.330520393811533, 6.153424657534247])
('Dunn-North Dakota', 'SO2', [3.5166666666666666, 4.327702702702703, 3.8184357541899443, 3.4012158054711246, 3.558904109589041, 4.14207650273224, 3.1818181818181817, 2.76986301369863, 4.027397260273973, 3.237704918032787, 2.019607843137255, 2.3763736263736264, 1.9123287671232876, 1.717032967032967, 1.6136363636363635, 3.3189655172413794, 1.023890784982935, 1.0737704918032787, 0.8791208791208791, 0.5068870523415978, 0.7223796033994334])
('Duval-Florida', 'SO2', [9.615756738078783, 11.192754613807246, 12.023972602739725, 18.856145251396647, 19.21388101983003, 16.439834024896264, 16.15532544378698, 10.151536812008578, 9.668275862068965, 9.091709464416727, 9.732181425485962, 8.536754507628293, 6.465885596140593, 5.208016586040083, 3.7821305841924397, 4.6337931034482756, 4.922122674017919, 2.796123474515434, 3.1534722222222222, 4.778467908902692, 2.6963788300835656])
('East Baton Rouge-Louisiana', 'SO2', [20.4, 21.07650273224044, 23.692307692307693, 22.324929971988794, 20.643835616438356, 20.010928961748633, 18.505524861878452, 14.089136490250697, 15.473972602739726, 14.915300546448087, 18.450276243093924, 16.23076923076923, 13.118131868131869, 14.867036011080332, 10.27945205479452, 7.662983425414365, 6.5576923076923075, 3.5840220385674932, 2.936986301369863, 4.66027397260274, 3.052054794520548])
('El Paso-Texas', 'SO2', [49.40169133192389, 42.15005035246727, 32.8640350877193, 31.388831437435368, 9.894252873563218, 5.912923923006416, 4.653308480894688, 3.8072519083969465, 4.4822097378277155, 3.6626838235294117, 4.682363804247461, 3.5063045586808923, 3.4264150943396228, 3.7092916283348667, 1.7741046831955922, 1.8025247971145175, 1.974378296910324, 1.6890636168691924, 1.0238095238095237, 1.1292705447830103, 1.1027522935779817])
('Ellis-Texas', 'SO2', [16.984962406015036, 17.613469985358712, 18.035046728971963, 16.36551724137931, 20.22896551724138, 26.54957507082153, 17.112033195020746, 8.362139917695472, 9.309623430962343, 7.363636363636363, 13.922714420358153, 11.847665847665848, 10.319602272727273, 4.844262295081967, 2.1671232876712327, 2.931224209078404, 1.9497907949790796, 2.1108071135430917, 2.162087912087912, 0.8493150684931506, 0.5138504155124654])
('Erie-New York', 'SO2', [35.808432630614114, 31.64887640449438, 38.41117216117216, 36.74701011959522, 36.78839957035446, 41.3853591160221, 39.778082191780825, 37.858529819694866, 33.877747252747255, 29.543715846994534, 22.12898751733703, 16.170563961485556, 14.82488986784141, 9.994459833795014, 7.563013698630137, 6.486787204450626, 7.405982905982906, 6.2682926829268295, 5.568249258160237, 4.250704225352113, 3.1026722925457104])
('Erie-Pennsylvania', 'SO2', [37.770949720670394, 38.89138576779026, 38.760989010989015, 40.44903581267218, 41.31780821917808, 35.42622950819672, 35.0027397260274, 35.41551246537396, 31.68870523415978, 24.107142857142858, 29.813698630136987, 22.95054945054945, 22.488950276243095, 21.433333333333334, 17.11527377521614, 12.504178272980502, 6.533149171270718, 8.104693140794224, 3.9534246575342467, 3.367088607594937, 4.393258426966292])
('Escambia-Florida', 'SO2', [18.002751031636866, 20.43232044198895, 23.731506849315068, 20.252747252747252, 20.517193947730398, 26.278082191780822, 19.85753424657534, 17.603591160220994, 16.633608815426996, 17.279538904899134, 15.926592797783934, 16.7985347985348, 16.242424242424242, 18.57377049180328, 13.657534246575343, 6.972451790633609, 5.605479452054794, 3.732394366197183, 2.778735632183908, 4.7835616438356166, 3.236914600550964])
('Essex-New York', 'SO2', [2.6750700280112043, 2.649859943977591, 2.622093023255814, 2.7744807121661723, 3.13953488372093, 2.6022408963585435, 3.5178082191780824, 3.0767123287671234, 2.3424657534246576, 2.090909090909091, 2.1906077348066297, 2.134831460674157, 2.1123287671232878, 1.6528925619834711, 1.0465753424657533, 0.8328767123287671, 0.9807162534435262, 0.7158469945355191, 0.3147632311977716, 0.4986072423398329, 0.4057142857142857])
('Floyd-Georgia', 'SO2', [14.050704225352113, 16.07945205479452, 16.93628808864266, 15.550684931506849, 22.484848484848484, 19.639344262295083, 17.356164383561644, 16.991573033707866, 16.20775623268698, 18.371584699453553, 19.610958904109587, 23.5406162464986, 27.257534246575343, 21.53968253968254, 6.695817490494297, 7.475274725274725, 9.756164383561643, 7.2521008403361344, 3.552325581395349, 6.123287671232877, 5.507462686567164])
('Floyd-Indiana', 'SO2', [35.255319148936174, 30.726396917148364, 27.862708719851575, 30.547486033519554, 35.330681818181816, 33.36952380952381, 26.24852071005917, 24.447946513849093, 24.466929911154985, 23.270912547528518, 27.174354243542435, 25.66543095458758, 28.186175115207373, 24.255102040816325, 17.855178735105408, 16.59543378995434, 10.459084604715672, 11.155737704918034, 8.48904109589041, 10.815680880330124, 6.34])
('Forsyth-North Carolina', 'SO2', [22.65277777777778, 24.416666666666668, 26.578512396694215, 26.167123287671235, 20.831024930747922, 21.17183098591549, 20.818181818181817, 26.324175824175825, 22.365384615384617, 23.65546218487395, 23.815181518151814, 20.667763157894736, 19.71780821917808, 13.271232876712329, 8.345029239766081, 2.706849315068493, 1.6465753424657534, 1.6530054644808743, 0.958904109589041, 2.0383561643835617, 1.1574344023323615])
('Fountain-Indiana', 'SO2', [42.212464589235125, 35.54269972451791, 35.06145251396648, 28.80952380952381, 34.8974358974359, 27.599447513812155, 26.646723646723647, 19.95959595959596, 23.779264214046822, 24.673529411764704, 32.29577464788732, 30.8231884057971, 31.337988826815643, 24.532212885154063, 8.271232876712329, 8.95890410958904, 8.038461538461538, 7.450819672131147, 8.208219178082192, 7.468493150684932, 6.083333333333333])
('Fulton-Georgia', 'SO2', [17.010204081632654, 18.369230769230768, 19.33096590909091, 18.720238095238095, 18.453277545327754, 18.447658402203857, 16.376373626373628, 15.87709497206704, 17.487671232876714, 15.680327868852459, 17.584722222222222, 19.763636363636362, 17.130555555555556, 16.426812585499317, 8.473029045643154, 9.616022099447514, 7.63013698630137, 2.241758241758242, 1.5205479452054795, 1.5095890410958903, 1.1977715877437325])
('Galveston-Texas', 'SO2', [27.19020172910663, 46.90406976744186, 23.784530386740332, 17.106849315068494, 30.578082191780823, 19.37704918032787, 23.47252747252747, 18.20775623268698, 16.583561643835615, 22.323287671232876, 16.77094972067039, 10.559888579387186, 8.25207756232687, 9.558659217877095, 15.762857142857143, 11.275, 7.299450549450549, 3.1911357340720223, 2.5734870317002883, 3.2739726027397262, 4.780821917808219])
('Grant-New Mexico', 'SO2', [15.17945205479452, 13.693989071038251, 23.24590163934426, 19.04310344827586, 23.5, 17.800841514726507, 24.51552795031056, 3.098468271334792, 2.2465753424657535, 1.1685082872928176, 0.5315068493150685, 0.1574585635359116, 0.2684931506849315, 0.17647058823529413, 0.1726027397260274, 0.2, 0.008356545961002786, 0.052486187845303865, 0.02535211267605634, 0.024657534246575342, 0.0])
('Greenup-Kentucky', 'SO2', [23.834757834757834, 23.239436619718308, 21.09315068493151, 24.415977961432507, 25.958333333333332, 24.25409836065574, 21.715068493150685, 19.126027397260273, 18.934246575342467, 19.360655737704917, 19.92876712328767, 17.14121037463977, 16.044077134986225, 13.202185792349727, 9.5, 11.34435261707989, 9.008379888268156, 4.5, 5.397260273972603, 3.96986301369863, 2.8986301369863012])
('Greenville-South Carolina', 'SO2', [3.1333333333333333, 7.116129032258065, 10.934246575342465, 11.30028328611898, 11.351428571428572, 10.453296703296703, 12.491758241758241, 11.265753424657534, 10.90958904109589, 9.230379746835442, 10.22752808988764, 7.786647314949202, 7.049645390070922, 5.811897106109325, 3.4236453201970445, 2.8646408839779007, 2.263013698630137, 1.037037037037037, 0.6972111553784861, 1.1473988439306357, 0.41724137931034483])
('Hamilton-New York', 'SO2', [2.9205479452054797, 2.9616438356164383, 3.0028011204481793, 2.5205479452054793, 3.1022099447513813, 3.226775956284153, 3.665753424657534, 3.010958904109589, 2.821529745042493, 2.620218579234973, 2.0444444444444443, 1.9723756906077348, 2.0876712328767124, 1.4587912087912087, 1.021917808219178, 0.5983379501385041, 0.6721763085399449, 0.23876404494382023, 0.25274725274725274, 0.42191780821917807, 0.24860335195530725])
('Hamilton-Ohio', 'SO2', [26.43393602225313, 38.12354651162791, 38.09410112359551, 35.40401146131805, 31.588560885608857, 38.22950819672131, 37.391780821917806, 38.16164383561644, 34.13186813186813, 40.330601092896174, 32.25753424657534, 29.301369863013697, 27.698630136986303, 19.700831024930746, 12.71111111111111, 18.49546827794562, 20.730486008836525, 18.583586626139816, 14.880330123796425, 13.446132596685082, 6.890795631825273])
('Hampden-Massachusetts', 'SO2', [18.684065934065934, 21.069060773480665, 15.565753424657535, 14.645021645021645, 14.030261348005501, 17.475409836065573, 19.645604395604394, 15.37087912087912, 16.28767123287671, 14.774725274725276, 18.476712328767125, 12.235616438356164, 10.783561643835617, 8.754098360655737, 8.347945205479451, 4.930167597765363, 6.2569060773480665, 3.407103825136612, 2.914364640883978, 2.283333333333333, 1.6759002770083102])
('Hampshire-Massachusetts', 'SO2', [9.065753424657535, 6.306010928961749, 14.008032128514056, 12.595567867036012, 11.35068493150685, 6.288951841359774, 9.947945205479453, 7.32054794520548, 8.734246575342466, 5.26775956284153, 7.811111111111111, 4.352617079889807, 7.073654390934844, 3.5655737704918034, 2.23013698630137, 1.4931506849315068, 1.6246575342465754, 1.1202185792349726, 0.8246575342465754, 1.0192307692307692, 0.7019498607242339])
('Hampton City-Virginia', 'SO2', [25.687671232876713, 23.827868852459016, 27.268493150684932, 22.997260273972604, 19.82191780821918, 21.546448087431695, 22.575342465753426, 18.17032967032967, 17.906593406593405, 20.3224043715847, 18.594520547945205, 17.980821917808218, 16.393351800554015, 14.508196721311476, 13.11111111111111, 10.541666666666666, 7.2684931506849315, 5.738888888888889, 5.53932584269663, 4.552197802197802, 2.5232876712328767])
('Hawaii-Hawaii', 'SO2', [69.16712328767123, 63.47945205479452, 48.632075471698116, 29.58263305322129, 31.405479452054795, 30.295890410958904, 33.81722054380665, 47.8388969521045, 56.47405329593268, 56.962848297213625, 48.72199170124481, 56.261410788381745, 30.57442455242967, 77.35821302097521, 76.71710526315789, 79.3946855192589, 56.037046184243025, 67.17290236882887, 54.757582668187, 54.88178996378686, 60.312468450277635])
('Hennepin-Minnesota', 'SO2', [7.641095890410959, 11.363128491620111, 15.618457300275482, 14.86266094420601, 9.676204819277109, 8.565957446808511, 6.997122302158274, 6.145205479452055, 13.91825613079019, 14.587431693989071, 13.208219178082192, 9.783561643835617, 4.631736526946108, 7.536585365853658, 6.209944751381215, 3.803867403314917, 0.8683473389355743, 1.0601092896174864, 2.1225071225071224, 2.4293628808864267, 2.473972602739726])
('Herkimer-New York', 'SO2', [2.936986301369863, 3.175342465753425, 2.8986301369863012, 2.458791208791209, 2.724852071005917, 2.6366120218579234, 3.032876712328767, 2.75, 2.619335347432024, 2.408333333333333, 2.2465753424657535, 1.9774647887323944, 2.2356164383561645, 1.5626740947075208, 1.0164383561643835, 0.6222222222222222, 0.7698630136986301, 0.5819672131147541, 0.4358974358974359, 0.7808219178082192, 0.4712328767123288])
('Hillsborough-New Hampshire', 'SO2', [16.526266416510317, 18.725162488393686, 18.762915129151292, 17.90066225165563, 16.71788990825688, 14.419125127161749, 14.061538461538461, 12.603591160220995, 17.32150776053215, 16.762295081967213, 17.72876712328767, 14.37292817679558, 14.55586592178771, 12.587912087912088, 10.728767123287671, 8.947945205479453, 4.518005540166205, 1.7605321507760532, 1.5192307692307692, 1.3643835616438356, 0.44744744744744747])
('Jackson-Mississippi', 'SO2', [16.135977337110482, 16.43213296398892, 15.667621776504298, 14.105555555555556, 15.829608938547485, 14.267955801104973, 14.342465753424657, 13.956772334293948, 11.178343949044587, 14.523972602739725, 16.252336448598133, 14.07967032967033, 11.571428571428571, 10.738461538461538, 7.202492211838006, 7.9502762430939224, 7.213698630136986, 5.21763085399449, 5.603305785123967, 6.364383561643836, 2.756164383561644])
('Jackson-Missouri', 'SO2', [9.002777777777778, 10.903314917127071, 8.547945205479452, 4.022038567493113, 5.487671232876712, 8.975409836065573, 4.917582417582418, 11.4, 36.60849056603774, 28.636612021857925, 26.438356164383563, 30.252054794520546, 18.774928774928775, 32.332317073170735, 31.47945205479452, 25.674342105263158, 26.016483516483518, 31.939890710382514, 29.041095890410958, 27.621917808219177, 24.745205479452054])
('Jasper-Indiana', 'SO2', [10.93972602739726, 11.917920656634747, 14.758241758241759, 15.332413793103449, 14.445833333333333, 12.889807162534435, 12.90358126721763, 11.860273972602739, 13.978082191780821, 13.936781609195402, 17.497252747252748, 15.547222222222222, 11.112328767123287, 11.916434540389972, 12.09041095890411, 8.726519337016574, 5.568181818181818, 6.156164383561644, 6.282191780821917, 3.5662983425414363, 3.9696132596685083])
('Jefferson-Alabama', 'SO2', [21.386301369863013, 17.57650273224044, 22.423076923076923, 25.304109589041097, 28.671232876712327, 35.73913043478261, 16.953168044077135, 16.975342465753425, 27.446428571428573, 14.8224043715847, 18.046575342465754, 16.473972602739725, 16.136986301369863, 15.467213114754099, 9.67032967032967, 8.210958904109589, 8.778409090909092, 8.90032154340836, 6.245179063360881, 6.5607344632768365, 5.034534534534535])
('Jefferson-Missouri', 'SO2', [56.07945205479452, 53.12021857923497, 39.44827586206897, 29.62291350531108, 33.2, 23.546448087431695, 21.58053691275168, 27.278761061946902, 23.774725274725274, 48.51156069364162, 51.73512747875354, 55.577903682719544, 48.02465753424657, 54.73424657534247, 48.326027397260276, 49.038356164383565, 38.69005847953216, 43.05604719764012, 33.42382271468144, 6.145205479452055, 4.965346534653466])
('Jefferson-Texas', 'SO2', [26.886871508379887, 28.21818181818182, 29.946194225721786, 30.995412844036696, 28.68198529411765, 26.61573650503202, 23.2851885924563, 20.668498168498168, 21.57077205882353, 18.49630314232902, 18.559766763848398, 23.25206991720331, 16.27861163227017, 13.812981298129813, 12.294117647058824, 10.355721393034825, 9.093439363817097, 5.411441144114411, 5.289841565703635, 5.399065420560747, 6.424657534246576])
('Kay-Oklahoma', 'SO2', [15.983561643835616, 17.55191256830601, 20.777464788732395, 14.643292682926829, 16.82136279926335, 16.748546511627907, 14.46140651801029, 14.813019390581717, 16.45014245014245, 10.69108910891089, 12.042134831460674, 8.828016643550624, 6.8474576271186445, 9.210071942446044, 8.02073732718894, 14.081005586592179, 11.646153846153846, 13.600550964187327, 8.030386740331492, 11.011080332409973, 8.550684931506849])
('Kent-Michigan', 'SO2', [7.353424657534247, 8.022038567493112, 6.844011142061281, 8.008333333333333, 4.357142857142857, 4.83879781420765, 6.679245283018868, 6.712328767123288, 6.634615384615385, 5.3277777777777775, 5.571428571428571, 4.5816023738872405, 3.8850574712643677, 3.762114537444934, 3.1101928374655645, 3.750684931506849, 2.2904109589041095, 2.2403314917127073, 1.9862637362637363, 2.627397260273973, 1.9643835616438357])
('Lake-Indiana', 'SO2', [25.49519890260631, 22.483425414364643, 26.05068493150685, 31.83190883190883, 28.623287671232877, 25.62674094707521, 26.34931506849315, 21.914407988587733, 19.566091954022987, 20.620218579234972, 18.493150684931507, 16.141078838174273, 19.46986301369863, 15.44382801664355, 11.627747252747254, 12.068055555555556, 10.107734806629834, 9.398843930635838, 9.178571428571429, 7.3565459610027855, 4.7560975609756095])
('Lake-Ohio', 'SO2', [38.29645390070922, 40.88980716253444, 35.57750342935528, 37.43543956043956, 38.56043956043956, 29.1, 29.372252747252748, 33.66575342465753, 32.87123287671233, 29.928669410150892, 34.33013698630137, 31.568275862068965, 29.910958904109588, 29.317808219178083, 29.027397260273972, 26.41678129298487, 25.976712328767125, 20.331967213114755, 14.083561643835617, 10.282191780821918, 10.69041095890411])
('Lawrence-Pennsylvania', 'SO2', [29.574175824175825, 30.05191256830601, 31.677685950413224, 31.975206611570247, 33.69613259668508, 29.942307692307693, 37.58791208791209, 28.846575342465755, 30.295890410958904, 31.275956284153004, 30.167123287671235, 24.43013698630137, 26.82967032967033, 19.950819672131146, 15.851239669421487, 10.227011494252874, 11.977839335180056, 6.293040293040293, 7.325443786982248, 6.6878453038674035, 4.971014492753623])
('Linn-Iowa', 'SO2', [19.379885057471263, 16.846524432209222, 16.75797373358349, 9.704086425551901, 10.752757352941176, 8.562798092209857, 9.559648158328752, 18.10511882998172, 17.339122486288847, 16.581244196843084, 19.702111024237684, 14.52885375494071, 14.373493975903614, 11.817528735632184, 4.026027397260274, 4.053424657534246, 4.138356164383562, 4.993169398907104, 2.6868131868131866, 10.233196159122086, 5.338356164383562])
('Los Angeles-California', 'SO2', [10.189901207464326, 9.567865003668379, 8.586450247000705, 8.807162534435262, 10.72778166550035, 8.414529914529915, 9.359696641386781, 8.268690275435638, 6.317763623496107, 8.877118644067796, 7.723756906077348, 5.684282772820865, 5.450899031811895, 4.491420727522306, 3.4125461254612546, 2.909142212189616, 2.3531230674087817, 1.9109062980030722, 1.562573789846517, 1.771135781383433, 1.7347740667976423])
('Luzerne-Pennsylvania', 'SO2', [16.997260273972604, 17.42265193370166, 19.827397260273973, 18.254794520547946, 20.775342465753425, 17.57103825136612, 20.696132596685082, 19.814917127071823, 15.785714285714286, 15.09016393442623, 15.983561643835616, 15.10472972972973, 15.280219780219781, 13.008219178082191, 7.931318681318682, 5.0578512396694215, 4.36986301369863, 2.386627906976744, 2.0853994490358128, 2.407932011331445, 2.6788732394366197])
('Macon-Illinois', 'SO2', [24.731506849315068, 24.030054644808743, 23.769452449567723, 25.956043956043956, 26.115068493150684, 22.77094972067039, 23.75890410958904, 16.054794520547944, 15.30640668523677, 17.8099173553719, 17.824657534246576, 14.583561643835617, 14.315068493150685, 11.729508196721312, 10.422651933701658, 12.136986301369863, 10.309192200557103, 11.393351800554017, 10.837016574585636, 12.736986301369862, 11.068493150684931])
('Macoupin-Illinois', 'SO2', [13.286908077994429, 14.027472527472527, 13.313186813186814, 12.236914600550964, 13.389041095890411, 10.038461538461538, 9.440771349862258, 10.013812154696133, 9.723287671232876, 7.1291208791208796, 7.554317548746518, 7.666666666666667, 6.657534246575342, 6.258953168044077, 5.237569060773481, 4.254143646408839, 2.632876712328767, 2.5628415300546448, 2.3543956043956045, 2.8282548476454292, 1.5722379603399435])
('Madison-Illinois', 'SO2', [45.5282811641955, 43.46556473829201, 36.734503565551286, 35.980595084087966, 37.32820230896097, 29.976744186046513, 28.949175824175825, 22.6527397260274, 25.010968921389395, 22.454711802378775, 24.234806629834253, 23.304307974335472, 20.904021937842778, 19.583126550868485, 12.847945205479451, 14.767313019390581, 7.783519553072626, 6.254470426409903, 7.4842249657064475, 7.412983425414365, 4.494520547945205])
('Mahoning-Ohio', 'SO2', [30.372602739726027, 34.13934426229508, 30.876373626373628, 29.994520547945207, 32.553424657534244, 29.592896174863387, 27.71780821917808, 25.32054794520548, 25.75824175824176, 21.546448087431695, 22.80821917808219, 20.465753424657535, 20.78082191780822, 19.581967213114755, 18.975342465753425, 13.24931506849315, 10.895890410958904, 9.857923497267759, 6.142465753424657, 7.3121546961325965, 5.191780821917808])
('Marion-Indiana', 'SO2', [23.816901408450704, 21.09767625049232, 22.370044052863435, 23.02892561983471, 24.433561643835617, 23.731322823851954, 21.244260789715334, 21.774016468435498, 22.241979835013748, 25.202185792349727, 24.459136822773186, 23.53345554537122, 19.997260273972604, 13.591530054644808, 10.047345767575322, 13.142857142857142, 11.865616311399444, 13.681481481481482, 14.094392523364485, 16.797029702970296, 6.900976290097629])
('Marshall-West Virginia', 'SO2', [67.63231197771587, 68.50546448087432, 70.43956043956044, 70.52876712328766, 68.8958904109589, 60.330601092896174, 61.016438356164386, 57.69806094182825, 52.577777777777776, 59.50415512465374, 55.95616438356164, 51.131506849315066, 49.652054794520545, 42.202185792349724, 26.343575418994412, 29.5972602739726, 26.089855072463767, 22.916897506925206, 16.04892966360856, 12.052054794520547, 8.632876712328768])
('McKenzie-North Dakota', 'SO2', [3.86547811993517, 4.522765598650928, 5.143307086614173, 5.60377358490566, 4.921458625525947, 6.304644808743169, 3.783691959229898, 3.2115915363385463, 4.08364312267658, 2.733151183970856, 2.324200913242009, 2.3406392694063927, 2.5990867579908676, 2.7208029197080292, 2.1658900279589934, 2.2794520547945205, 1.6604303086997194, 1.6226071103008204, 1.832876712328767, 1.41635687732342, 1.455045871559633])
('Meigs-Ohio', 'SO2', [30.301369863013697, 31.640883977900554, 34.968023255813954, 29.326027397260273, 33.12876712328767, 29.643835616438356, 31.564383561643837, 26.35933147632312, 25.676712328767124, 26.165745856353592, 27.47382920110193, 23.92485549132948, 18.872576177285318, 18.371584699453553, 16.731506849315068, 18.578082191780823, 20.25284090909091, 5.743169398907104, 7.402739726027397, 9.26027397260274, 6.850415512465374])
('Mercer-North Dakota', 'SO2', [17.414539400665927, 18.973727422003282, 13.392243767313019, 15.272525027808676, 12.063221550302364, 11.862314865606145, 10.996708721887, 9.517279210093253, 8.757808219178083, 9.326586433260394, 8.182222222222222, 7.611964873765094, 8.292054794520547, 6.890170236133993, 6.586933045356371, 8.395300261096606, 6.28986301369863, 7.258687258687258, 4.3637413394919164, 5.072487644151565, 4.413907284768212])
('Miami-Dade-Florida', 'SO2', [3.5582089552238805, 3.3224043715846996, 3.0308988764044944, 3.115819209039548, 1.9634831460674158, 2.7923497267759565, 3.1274238227146816, 3.8076923076923075, 0.9484240687679083, 1.3122529644268774, 0.11764705882352941, 0.1095890410958904, 0.09917355371900827, 0.12154696132596685, 0.2054794520547945, 0.03561643835616438, 0.09141274238227147, 0.20221606648199447, 0.0708215297450425, 0.02203856749311295, 0.020172910662824207])
('Monongalia-West Virginia', 'SO2', [30.649628252788105, 29.982439926062845, 31.408088235294116, 35.14405986903648, 35.75068493150685, 35.26691380908248, 30.771844660194176, 31.812587412587412, 32.06438356164384, 32.02732240437158, 33.53941908713693, 31.343260188087775, 30.019390581717452, 25.631147540983605, 22.008219178082193, 10.572602739726028, 8.695054945054945, 6.5474860335195535, 5.458791208791209, 5.246498599439776, 3.9178082191780823])
('Montgomery-Pennsylvania', 'SO2', [21.378839590443686, 21.98904109589041, 21.083333333333332, 17.791780821917808, 15.813698630136987, 14.310249307479225, 15.245179063360881, 14.597260273972603, 16.291208791208792, 12.865753424657534, 17.041095890410958, 17.480555555555554, 14.56986301369863, 9.8121387283237, 10.055401662049862, 6.128205128205129, 6.502762430939226, 2.516891891891892, 2.6803519061583576, 2.196480938416422, 2.084931506849315])
('Montgomery-Tennessee', 'SO2', [21.20250284414107, 20.181942544459645, 19.84087791495199, 19.600276625172892, 15.425977653631286, 13.284136546184738, 18.2484237074401, 15.09972299168975, 14.864077669902912, 13.585195530726256, 13.674463937621832, 15.45476772616137, 11.901098901098901, 5.088154269972452, 5.052631578947368, 9.474045053868757, 9.883022774327122, 8.139774859287055, 4.079429735234216, 6.13323782234957, 5.170360110803324])
('Morris-New Jersey', 'SO2', [14.095890410958905, 17.14010989010989, 18.887671232876713, 15.508241758241759, 14.433333333333334, 14.557377049180328, 16.159779614325068, 13.45054945054945, 14.547945205479452, 12.687671232876712, 13.64109589041096, 11.410468319559229, 10.87912087912088, 8.146005509641872, 6.933701657458563, 5.726256983240224, 5.185082872928176, 2.1802816901408453, 2.1089385474860336, 2.285318559556787, 1.1955922865013775])
('Muskogee-Oklahoma', 'SO2', [17.73901098901099, 18.717032967032967, 11.635097493036211, 13.537190082644628, 15.758904109589041, 14.204918032786885, 14.796143250688706, 14.556164383561644, 16.436813186813186, 14.917582417582418, 16.259668508287294, 19.62707182320442, 8.356125356125355, 15.281420765027322, 4.746438746438747, 3.673972602739726, 13.134246575342466, 13.912891986062718, 9.624657534246575, 10.175487465181059, 6.842105263157895])
('Nassau-Florida', 'SO2', [20.594520547945205, 20.943835616438356, 19.367123287671234, 20.482849604221634, 22.322222222222223, 36.02191780821918, 27.08219178082192, 34.035714285714285, 18.928571428571427, 16.673333333333332, 25.783536585365855, 29.37883008356546, 20.67032967032967, 17.18243243243243, 10.409470752089137, 22.002739726027396, 22.10979228486647, 11.256830601092895, 9.802739726027397, 14.052197802197803, 10.381615598885794])
('Nassau-New York', 'SO2', [16.81095890410959, 19.484931506849314, 18.01095890410959, 17.03835616438356, 19.60387811634349, 17.846153846153847, 16.691460055096417, 14.191780821917808, 15.101983002832862, 14.980874316939891, 14.659763313609467, 13.25, 11.904761904761905, 13.131147540983607, 9.638356164383561, 6.041095890410959, 5.884931506849315, 3.557377049180328, 2.020618556701031, 2.4821917808219176, 1.5643835616438355])
('New Hanover-North Carolina', 'SO2', [44.146067415730336, 32.69491525423729, 29.783561643835615, 28.631284916201118, 26.90958904109589, 28.617486338797814, 34.58126721763085, 39.18904109589041, 29.86263736263736, 24.785714285714285, 11.326474622770919, 29.390581717451525, 34.282967032967036, 32.95867768595041, 29.681440443213297, 29.301369863013697, 8.584958217270195, 6.363387978142076, 3.9861878453038675, 0.6323119777158774, 0.7031700288184438])
('New Haven-Connecticut', 'SO2', [17.23126142595978, 17.50943396226415, 17.47889908256881, 19.345108695652176, 18.800275482093664, 16.483333333333334, 18.094520547945205, 17.752747252747252, 14.278846153846153, 14.784636488340192, 16.32630098452883, 12.962603878116344, 11.23972602739726, 8.650862068965518, 9.11731843575419, 6.229461756373937, 6.832417582417582, 4.497267759562842, 2.9917808219178084, 2.7845303867403315, 0.8438356164383561])
('Nueces-Texas', 'SO2', [10.867903930131005, 7.2409356725146194, 8.846041055718475, 8.498572787821123, 7.9161230195712955, 7.524334251606978, 7.889409559512652, 6.852157943067034, 7.496336996336996, 7.378870673952641, 5.517840805123513, 3.2377880184331795, 2.275161588180979, 3.722376973073352, 1.5768169273229071, 2.6265402843601895, 1.165129151291513, 0.6451310861423221, 0.36836518046709127, 0.44300278035217794, 0.4774193548387097])
('Oconee-South Carolina', 'SO2', [1.6023391812865497, 2.6657223796033995, 2.356164383561644, 3.9392265193370166, 5.042735042735043, 5.238390092879257, 5.65564738292011, 4.583098591549295, 5.473972602739726, 4.788235294117647, 5.6104651162790695, 5.699115044247788, 5.06027397260274, 4.041095890410959, 1.2365269461077844, 1.010958904109589, 0.9365994236311239, 0.27346938775510204, 0.23197492163009403, 0.32954545454545453, 0.03858520900321544])
('Oliver-North Dakota', 'SO2', [15.742465753424657, 15.0, 14.120111731843576, 16.837209302325583, 15.761643835616438, 13.718579234972678, 12.930434782608696, 11.638356164383561, 12.405479452054795, 14.530054644808743, 12.013698630136986, 9.452054794520548, 10.936986301369863, 11.434426229508198, 8.520547945205479, 11.772602739726027, 6.435616438356164, 6.295454545454546, 4.53125, 2.7824858757062145, 2.78125])
('Oneida-Wisconsin', 'SO2', [27.94214876033058, 26.114754098360656, 28.99175824175824, 24.876712328767123, 33.1945205479452, 28.55464480874317, 25.545205479452054, 30.578082191780823, 23.462184873949578, 28.114754098360656, 29.424657534246574, 25.64109589041096, 37.608219178082194, 30.857142857142858, 24.6, 25.268493150684932, 27.410958904109588, 30.437158469945356, 25.559556786703602, 25.767123287671232, 27.74373259052925])
('Onondaga-New York', 'SO2', [11.335164835164836, 10.054794520547945, 8.726027397260275, 7.642857142857143, 7.212885154061625, 8.005464480874316, 9.471783295711061, 8.172602739726027, 9.7013698630137, 8.057377049180328, 7.383561643835616, 6.6219178082191785, 6.808219178082192, 6.033057851239669, 3.874301675977654, 3.925414364640884, 2.6575342465753424, 1.8948863636363635, 1.4080459770114941, 1.105849582172702, 0.7315068493150685])
('Orange-California', 'SO2', [6.817808219178082, 2.9620991253644315, 3.128767123287671, 4.555865921787709, 6.227397260273973, 5.46448087431694, 4.346938775510204, 5.553424657534246, 3.8926553672316384, 4.798319327731092, 4.080779944289693, 4.144475920679887, 2.919667590027701, 3.3278688524590163, 2.769230769230769, 1.4175824175824177, 0.8829268292682927, 0.26571428571428574, 0.5303514376996805, 0.6330532212885154, 0.28125])
('Orange-Florida', 'SO2', [4.997260273972603, 7.030054644808743, 6.83013698630137, 8.24931506849315, 7.639118457300276, 7.525, 6.2555555555555555, 4.0, 3.665753424657534, 3.359550561797753, 3.281767955801105, 2.8465753424657536, 2.052054794520548, 1.5437158469945356, 1.2328767123287672, 1.0520547945205478, 0.7698630136986301, 0.5737704918032787, 0.30684931506849317, 0.7305555555555555, 0.4602739726027397])
('Peoria-Illinois', 'SO2', [34.16574585635359, 37.515151515151516, 36.4010989010989, 37.03899721448468, 36.082191780821915, 32.431693989071036, 29.301939058171744, 28.17183098591549, 25.216438356164385, 25.01366120218579, 22.564383561643837, 21.30958904109589, 14.753424657534246, 9.240437158469945, 3.6901408450704225, 8.864353312302839, 11.899159663865547, 13.12295081967213, 8.438356164383562, 7.624657534246575, 4.443213296398892])
('Pima-Arizona', 'SO2', [5.149584487534626, 4.656593406593407, 5.7962382445141065, 4.7753424657534245, 5.345403899721449, 6.0194986072423395, 3.0602739726027397, 4.53972602739726, 5.087671232876712, 5.390710382513661, 4.375342465753425, 3.536986301369863, 4.032876712328767, 3.879781420765027, 1.5424657534246575, 1.7587719298245614, 1.1412742382271468, 0.3087431693989071, 0.9013698630136986, 0.5804597701149425, 0.5734072022160664])
('Pulaski-Arkansas', 'SO2', [6.788461538461538, 6.923497267759563, 6.394520547945206, 5.082191780821918, 4.627397260273972, 5.370786516853933, 5.145205479452055, 6.542699724517906, 5.912328767123288, 5.504178272980502, 4.457534246575342, 6.69041095890411, 6.447802197802198, 4.527322404371585, 4.463013698630137, 3.012396694214876, 2.9863013698630136, 2.7841530054644807, 2.4315068493150687, 2.326027397260274, 2.3589041095890413])
('Putnam-Florida', 'SO2', [22.09315068493151, 18.03943661971831, 15.443526170798899, 17.84764542936288, 18.884931506849316, 18.084699453551913, 13.027472527472527, 10.29737609329446, 9.429362880886426, 10.257534246575343, 13.583561643835617, 10.95068493150685, 6.983379501385041, 7.185792349726776, 8.172602739726027, 5.66027397260274, 5.917808219178082, 3.9836065573770494, 3.4902506963788302, 3.680440771349862, 5.245014245014245])
('Putnam-New York', 'SO2', [7.284122562674095, 8.736263736263735, 9.951566951566951, 10.293150684931506, 9.423076923076923, 8.688888888888888, 10.052054794520547, 7.639889196675901, 9.194520547945206, 9.07103825136612, 9.074380165289256, 5.898591549295775, 5.864161849710983, 4.469945355191257, 3.473972602739726, 2.5261707988980717, 2.189111747851003, 1.2057142857142857, 0.9387186629526463, 0.9452054794520548, 0.6684931506849315])
('Riverside-California', 'SO2', [3.778082191780822, 3.30327868852459, 4.21021021021021, 4.8054794520547945, 5.504109589041096, 4.3898809523809526, 3.5013698630136987, 1.2514124293785311, 5.490358126721763, 7.2782874617737, 7.558904109589041, 3.0684931506849313, 3.2724458204334366, 1.989071038251366, 3.1016483516483517, 2.3739612188365653, 0.7357440890125174, 0.30218068535825543, 0.336986301369863, 0.473972602739726, 0.17355371900826447])
('Rutland-Vermont', 'SO2', [19.885474860335197, 19.898630136986302, 25.28846153846154, 19.43013698630137, 16.44542772861357, 14.77247191011236, 16.1878453038674, 16.414364640883978, 14.680451127819548, 15.17507418397626, 17.024657534246575, 15.076712328767123, 15.632876712328768, 11.672131147540984, 8.786301369863013, 7.61671469740634, 9.153424657534247, 4.569696969696969, 2.9484848484848483, 2.1043956043956045, 0.23835616438356164])
('Sacramento-California', 'SO2', [3.0392561983471076, 4.886896551724138, 4.853760445682451, 6.196793002915452, 7.813583815028902, 8.709125475285171, 6.489421720733428, 3.98079561042524, 4.2027586206896554, 2.6775106082036775, 2.544951590594744, 2.534435261707989, 2.2643835616438355, 1.6526138279932547, 1.2837465564738293, 0.5997001499250375, 0.4140845070422535, 0.4066265060240964, 0.5264623955431755, 0.8698060941828255, 2.633608815426997])
('San Bernardino-California', 'SO2', [4.709039548022599, 3.3680981595092025, 3.2223335002503757, 3.668971477960242, 5.393412625800549, 5.208757637474542, 4.6067307692307695, 4.413793103448276, 3.338303821062442, 3.5612431444241315, 4.434222631094756, 4.362888482632541, 4.149722735674676, 3.185461323392358, 2.6245421245421245, 2.8866189989785496, 3.1129943502824857, 1.8582333696837514, 1.521868787276342, 1.2488083889418493, 0.7420596727622714])
('San Diego-California', 'SO2', [10.775322283609576, 12.902372262773723, 10.982648401826484, 8.716279069767442, 9.863089731729879, 10.290441176470589, 10.39761248852158, 8.63003663003663, 8.114206128133704, 10.286496350364963, 8.683962264150944, 8.634034766697164, 6.334946757018393, 5.989503816793893, 5.8208409506398535, 3.076216712580349, 2.1276359600443953, 0.008310249307479225, 0.03021978021978022, 0.008968609865470852, 0.014367816091954023])
('San Luis Obispo-California', 'SO2', [14.38163481953291, 20.262536873156343, 19.508691674290944, 19.933566433566433, 19.83139534883721, 19.51772063933287, 18.237241379310344, 18.637015781922525, 17.517723880597014, 19.301832208293153, 11.070707070707071, 14.55281207133059, 8.30958904109589, 2.33879781420765, 1.2729805013927578, 1.021917808219178, 1.3661971830985915, 0.4010989010989011, 5.988980716253444, 0.8794520547945206, 0.4657534246575342])
('Sangamon-Illinois', 'SO2', [36.347945205479455, 37.76111111111111, 35.94490358126722, 40.25895316804408, 38.43681318681319, 29.582417582417584, 19.523287671232875, 20.07945205479452, 18.846575342465755, 18.771587743732592, 19.115068493150684, 15.69889502762431, 18.421917808219177, 19.55464480874317, 5.323287671232877, 5.1878453038674035, 4.967123287671233, 3.0655737704918034, 2.7203389830508473, 3.1534246575342464, 1.76536312849162])
('Santa Barbara-California', 'SO2', [2.3106060606060606, 1.7358455541117506, 1.466315172817809, 1.0053916004540295, 1.349814585908529, 1.4910961614562723, 1.5831702544031312, 1.5724381625441697, 1.6696779261586803, 1.4113418530351438, 1.2523547880690737, 1.2043052837573385, 1.02782131661442, 1.6281800391389432, 1.6039560439560439, 1.4773869346733668, 1.8046767537826685, 2.206138341731562, 2.127912288716309, 1.0792767732962447, 0.679097605893186])
('Scioto-Ohio', 'SO2', [18.54985754985755, 15.751366120218579, 19.953424657534246, 18.30958904109589, 25.375342465753423, 25.527322404371585, 28.767123287671232, 20.567123287671233, 14.884931506849314, 17.24888888888889, 19.706849315068492, 14.870319634703197, 12.676699029126214, 12.102914389799636, 10.042009132420091, 9.183318056828597, 7.735347985347985, 3.854555433589462, 2.9315068493150687, 6.438529088913282, 5.121228743828854])
('Scott-Iowa', 'SO2', [16.493150684931507, 12.206944444444444, 13.136363636363637, 16.91780821917808, 14.624657534246575, 12.71584699453552, 7.041095890410959, 7.942465753424657, 6.605479452054794, 6.814705882352941, 9.387673956262425, 6.038356164383561, 3.010958904109589, 2.541208791208791, 2.207547169811321, 1.6569767441860466, 3.480769230769231, 2.191780821917808, 3.043835616438356, 1.956043956043956, 1.367123287671233])
('Solano-California', 'SO2', [7.96978021978022, 5.237704918032787, 5.076923076923077, 5.813698630136987, 4.6, 4.6098901098901095, 3.76986301369863, 4.2684931506849315, 3.835616438356164, 4.16120218579235, 3.5187319884726227, 3.66027397260274, 4.6625, 4.727770177838577, 2.4547945205479453, 1.715068493150685, 1.358904109589041, 1.046448087431694, 0.8958904109589041, 1.1835616438356165, 0.8870523415977961])
('Suffolk-New York', 'SO2', [16.54722222222222, 24.831460674157302, 22.558659217877096, 22.163888888888888, 21.462025316455698, 21.088659793814433, 16.041322314049587, 15.621917808219179, 16.663013698630138, 21.465753424657535, 23.20054945054945, 14.502762430939226, 13.624309392265193, 15.948087431693988, 9.622222222222222, 8.037617554858935, 5.064245810055866, 2.682926829268293, 2.0605095541401273, 1.6235955056179776, 1.1301939058171746])
('Sullivan-Tennessee', 'SO2', [46.0, 47.28059701492537, 45.896159317211946, 50.34567901234568, 49.786908077994426, 52.950842696629216, 48.656164383561645, 39.52328767123288, 41.522633744855966, 40.18057455540356, 35.821917808219176, 36.44444444444444, 30.350684931506848, 33.90710382513661, 35.16500553709856, 49.97260273972603, 46.824657534246576, 37.41256830601093, 16.106969205834684, 41.106849315068494, 35.38630136986301])
('Summit-Ohio', 'SO2', [36.75378266850069, 33.82395382395382, 38.8744769874477, 40.59670781893004, 42.71900826446281, 38.154371584699454, 42.23383768913342, 41.667125171939475, 37.98219178082192, 32.48497267759563, 31.05890410958904, 27.377747252747252, 15.386301369863014, 13.364754098360656, 10.00412087912088, 10.594780219780219, 10.775034293552812, 12.21132596685083, 10.847945205479451, 9.134730538922156, 5.150943396226415])
('Tazewell-Illinois', 'SO2', [42.82644628099174, 38.87158469945355, 40.63817663817664, 38.90958904109589, 34.46280991735537, 32.89344262295082, 32.64657534246575, 32.774104683195596, 30.27123287671233, 28.55464480874317, 29.817174515235457, 25.100558659217878, 25.523287671232875, 21.292349726775956, 30.23013698630137, 27.983561643835618, 24.782967032967033, 23.584699453551913, 24.564327485380115, 21.164835164835164, 15.915451895043732])
('Union-Arkansas', 'SO2', [29.399449035812673, 27.6775956284153, 27.457534246575342, 24.848837209302324, 22.591160220994475, 26.780555555555555, 13.123626373626374, 9.8, 8.860273972602739, 6.78932584269663, 7.5, 9.58904109589041, 8.393939393939394, 6.046448087431694, 5.417127071823204, 6.145205479452055, 5.663013698630137, 5.224043715846994, 4.216666666666667, 4.802739726027397, 4.13972602739726])
('Union-New Jersey', 'SO2', [20.03601108033241, 20.84899845916795, 19.871900826446282, 19.92137931034483, 20.76027397260274, 21.15573770491803, 21.302197802197803, 20.386459802538788, 21.92787794729542, 21.102459016393443, 20.31095890410959, 15.529655172413793, 14.7995337995338, 11.186915887850468, 8.38957475994513, 5.949315068493151, 7.2015503875969, 5.077134986225896, 2.8884297520661155, 2.522633744855967, 1.8821917808219177])
('Van Buren-Iowa', 'SO2', [5.353424657534247, 5.129032258064516, 5.4677871148459385, 4.197260273972603, 3.589080459770115, 2.0921787709497206, 2.0828729281767955, 2.186301369863014, 2.311111111111111, 1.6920980926430518, 1.484931506849315, 2.632876712328767, 1.4277777777777778, 1.1694915254237288, 1.3315068493150686, 0.4547945205479452, 0.35511363636363635, 0.3100558659217877, 0.26301369863013696, 0.25507246376811593, 0.17403314917127072])
('Wabash-Illinois', 'SO2', [32.598052851182196, 29.3099173553719, 25.087257617728532, 23.88646967340591, 26.579646017699115, 23.230014025245442, 21.333819241982507, 20.230661040787624, 18.518575851393187, 18.51764705882353, 21.780112044817926, 22.40387275242047, 18.369318181818183, 17.113387978142075, 15.776712328767124, 13.542817679558011, 9.482191780821918, 13.939655172413794, 12.03013698630137, 12.224657534246575, 8.726027397260275])
('Washington-Pennsylvania', 'SO2', [38.28911253430924, 38.41203281677302, 42.74314442413163, 42.6045871559633, 38.99816513761468, 36.22495446265938, 36.73034734917733, 33.99540018399264, 35.02742230347349, 33.55970829535096, 35.5045871559633, 29.617781851512373, 29.566574839302113, 24.04678899082569, 20.257534246575343, 13.805212620027435, 10.166437414030261, 7.095375722543353, 6.459420289855072, 7.671766342141864, 6.410586552217453])
('Wayne-Indiana', 'SO2', [34.106849315068494, 31.55464480874317, 27.075342465753426, 31.376712328767123, 32.636488340192045, 27.386612021857925, 28.297260273972604, 23.672602739726027, 23.745529573590098, 26.415300546448087, 24.4010989010989, 19.043835616438358, 24.64109589041096, 23.21455938697318, 11.40495867768595, 14.205128205128204, 14.43526170798898, 6.944598337950138, 6.332417582417582, 3.243835616438356, 7.654794520547945])
('Wayne-Michigan', 'SO2', [23.667233560090704, 25.58706615247701, 22.67669384312623, 28.985956216439487, 32.2202747513027, 29.513719512195124, 26.352141400407884, 24.454918032786885, 25.523121387283236, 24.479853479853478, 24.01489757914339, 22.38197026022305, 22.590476190476192, 21.872495446265937, 13.232067510548523, 14.829201101928374, 13.366896551724137, 13.639945029775538, 9.906507791017415, 10.452621895124196, 7.955473098330241])
('Williams-North Dakota', 'SO2', [7.778082191780822, 9.337431693989071, 11.864383561643836, 8.473011363636363, 12.60958904109589, 12.150837988826815, 12.542897327707454, 13.313617606602476, 12.95068493150685, 13.887978142076502, 16.705801104972377, 9.094637223974763, 9.355182926829269, 10.354166666666666, 11.115068493150686, 9.366022099447514, 10.423021582733814, 14.745901639344263, 12.854771784232366, 7.095041322314049, 7.382596685082873])
('Wood-West Virginia', 'SO2', [46.778082191780825, 47.32692307692308, 49.64109589041096, 58.16164383561644, 56.443835616438356, 48.95628415300546, 42.55068493150685, 43.71506849315068, 42.9972602739726, 45.21584699453552, 40.94692737430167, 35.295890410958904, 38.85479452054795, 35.59016393442623, 31.663013698630138, 28.941340782122904, 20.758308157099698, 11.37087912087912, 13.002808988764045, 13.210526315789474, 9.408219178082192])
('Worcester-Massachusetts', 'SO2', [15.812680115273775, 14.5561797752809, 12.319559228650137, 13.648351648351648, 12.379939209726444, 14.19672131147541, 13.850828729281767, 12.55586592178771, 10.75925925925926, 7.886111111111111, 11.258241758241759, 7.711538461538462, 8.564245810055866, 6.903846153846154, 3.9232876712328766, 4.50974930362117, 4.850415512465374, 5.073770491803279, 4.226519337016574, 2.1315068493150684, 0.8083333333333333])
('York-Pennsylvania', 'SO2', [22.244505494505493, 24.797260273972604, 29.312328767123287, 30.32054794520548, 25.18082191780822, 22.491803278688526, 20.279452054794522, 20.46556473829201, 16.334246575342465, 20.532967032967033, 25.53021978021978, 23.301369863013697, 22.136986301369863, 19.767123287671232, 16.465753424657535, 10.746556473829202, 7.8975069252077565, 5.80939226519337, 5.275541795665634, 8.186335403726709, 7.687679083094556])
