('Abbeville-South Carolina', 'OZONE', [132.0, 114.0, 124.0, 164.0, 161.0, 135.0, 140.0, 166.0, 124.0, 124.0, 129.0, 142.0, 137.0, 137.0, 84.0, 84.0, 71.0, 150.0, 80.0, 74.0, 71.0])
('Adams-Colorado', 'OZONE', [104.0, 111.0, 114.0, 150.0, 114.0, 71.0, 71.0, 97.0, 84.0, 84.0, 101.0, 114.0, 127.0, 124.0, 126.0, 77.0, 135.0, 154.0, 140.0, 108.0, 115.0])
('Adams-Illinois', 'OZONE', [109.0, 147.0, 104.0, 135.0, 127.0, 109.0, 132.0, 129.0, 104.0, 74.0, 104.0, 101.0, 116.0, 77.0, 80.0, 104.0, 84.0, 151.0, 97.0, 90.0, 93.0])
('Alameda-California', 'OZONE', [200.0, 192.0, 122.0, 187.0, 201.0, 197.0, 135.0, 177.0, 147.0, 111.0, 137.0, 164.0, 140.0, 187.0, 151.0, 154.0, 122.0, 161.0, 122.0, 133.0, 147.0])
('Albany-New York', 'OZONE', [142.0, 147.0, 140.0, 124.0, 164.0, 135.0, 154.0, 177.0, 156.0, 129.0, 142.0, 111.0, 135.0, 132.0, 115.0, 122.0, 116.0, 143.0, 97.0, 87.0, 97.0])
('Allegheny-Pennsylvania', 'OZONE', [204.0, 192.0, 201.0, 201.0, 204.0, 169.0, 172.0, 197.0, 203.0, 135.0, 179.0, 145.0, 159.0, 140.0, 147.0, 174.0, 150.0, 172.0, 190.0, 119.0, 147.0])
('Allen-Indiana', 'OZONE', [172.0, 154.0, 137.0, 151.0, 147.0, 156.0, 145.0, 161.0, 172.0, 122.0, 140.0, 106.0, 127.0, 97.0, 101.0, 101.0, 104.0, 179.0, 97.0, 97.0, 84.0])
('Allen-Ohio', 'OZONE', [166.0, 174.0, 137.0, 156.0, 166.0, 151.0, 135.0, 174.0, 169.0, 109.0, 135.0, 137.0, 132.0, 90.0, 105.0, 106.0, 101.0, 169.0, 112.0, 108.0, 105.0])
('Amador-California', 'OZONE', [192.0, 177.0, 172.0, 200.0, 179.0, 166.0, 129.0, 142.0, 124.0, 132.0, 154.0, 159.0, 104.0, 190.0, 122.0, 127.0, 101.0, 156.0, 108.0, 133.0, 140.0])
('Anderson-South Carolina', 'OZONE', [182.0, 195.0, 142.0, 203.0, 195.0, 166.0, 156.0, 169.0, 124.0, 116.0, 122.0, 119.0, 114.0, 87.0, 106.0, 124.0, 161.0, 80.0, 74.0, 80.0])
('Anderson-Tennessee', 'OZONE', [161.0, 150.0, 127.0, 140.0, 164.0, 156.0, 151.0, 179.0, 145.0, 106.0, 137.0, 179.0, 137.0, 127.0, 93.0, 106.0, 104.0, 161.0, 77.0, 87.0, 97.0])
('Anne Arundel-Maryland', 'OZONE', [213.0, 185.0, 213.0, 203.0, 204.0, 202.0, 190.0, 202.0, 203.0, 179.0, 147.0, 174.0, 202.0, 129.0, 115.0, 159.0, 147.0, 192.0, 119.0, 133.0, 119.0])
('Anoka-Minnesota', 'OZONE', [156.0, 84.0, 111.0, 127.0, 104.0, 109.0, 166.0, 111.0, 124.0, 90.0, 122.0, 100.0, 127.0, 54.0, 112.0, 97.0, 111.0, 185.0, 126.0, 93.0, 105.0])
('Arapahoe-Colorado', 'OZONE', [93.0, 116.0, 100.0, 151.0, 116.0, 127.0, 116.0, 127.0, 202.0, 101.0, 127.0, 124.0, 119.0, 58.0, 129.0, 104.0, 135.0, 172.0, 150.0, 122.0, 136.0])
('Arlington-Virginia', 'OZONE', [201.0, 127.0, 204.0, 159.0, 174.0, 156.0, 169.0, 208.0, 200.0, 164.0, 147.0, 164.0, 150.0, 172.0, 126.0, 142.0, 161.0, 172.0, 115.0, 154.0, 126.0])
('Ascension-Louisiana', 'OZONE', [150.0, 145.0, 151.0, 205.0, 161.0, 185.0, 111.0, 124.0, 132.0, 127.0, 145.0, 145.0, 169.0, 122.0, 133.0, 119.0, 132.0, 122.0, 100.0, 156.0, 140.0])
('Ashtabula-Ohio', 'OZONE', [202.0, 154.0, 150.0, 195.0, 172.0, 177.0, 174.0, 182.0, 185.0, 132.0, 172.0, 159.0, 156.0, 114.0, 150.0, 132.0, 129.0, 179.0, 108.0, 119.0, 143.0])
('Atlantic-New Jersey', 'OZONE', [185.0, 156.0, 204.0, 169.0, 166.0, 159.0, 161.0, 164.0, 187.0, 111.0, 137.0, 147.0, 119.0, 101.0, 133.0, 124.0, 114.0, 154.0, 154.0, 100.0, 122.0])
('Barnstable-Massachusetts', 'OZONE', [204.0, 187.0, 187.0, 187.0, 201.0, 205.0, 204.0, 192.0, 187.0, 179.0, 150.0, 177.0, 145.0, 177.0, 140.0, 127.0, 97.0, 156.0, 129.0, 84.0, 122.0])
('Beaver-Pennsylvania', 'OZONE', [150.0, 145.0, 164.0, 187.0, 203.0, 161.0, 164.0, 179.0, 203.0, 122.0, 169.0, 132.0, 145.0, 109.0, 100.0, 127.0, 116.0, 161.0, 166.0, 119.0, 122.0])
('Bell-Kentucky', 'OZONE', [127.0, 127.0, 104.0, 150.0, 127.0, 164.0, 135.0, 156.0, 122.0, 100.0, 114.0, 87.0, 132.0, 106.0, 93.0, 100.0, 80.0, 133.0, 77.0, 93.0, 77.0])
('Bennington-Vermont', 'OZONE', [124.0, 145.0, 154.0, 119.0, 147.0, 140.0, 145.0, 140.0, 116.0, 140.0, 114.0, 101.0, 114.0, 122.0, 115.0, 87.0, 116.0, 108.0, 101.0, 90.0, 97.0])
('Benzie-Michigan', 'OZONE', [166.0, 204.0, 156.0, 159.0, 174.0, 182.0, 172.0, 177.0, 156.0, 114.0, 151.0, 172.0, 132.0, 129.0, 140.0, 97.0, 122.0, 147.0, 119.0, 105.0, 108.0])
('Bergen-New Jersey', 'OZONE', [190.0, 135.0, 200.0, 119.0, 135.0, 200.0, 197.0, 156.0, 132.0, 161.0, 147.0, 31.0, 135.0, 126.0, 124.0, 150.0, 133.0, 119.0, 133.0, 133.0])
('Berkeley-South Carolina', 'OZONE', [114.0, 147.0, 119.0, 135.0, 154.0, 150.0, 97.0, 127.0, 111.0, 111.0, 106.0, 101.0, 90.0, 119.0, 67.0, 93.0, 74.0, 80.0, 71.0, 87.0, 61.0])
('Berks-Pennsylvania', 'OZONE', [197.0, 174.0, 201.0, 164.0, 202.0, 172.0, 177.0, 172.0, 177.0, 127.0, 145.0, 127.0, 137.0, 132.0, 129.0, 129.0, 119.0, 147.0, 122.0, 122.0, 119.0])
('Berrien-Michigan', 'OZONE', [190.0, 202.0, 169.0, 201.0, 192.0, 156.0, 166.0, 182.0, 164.0, 106.0, 151.0, 127.0, 177.0, 124.0, 136.0, 109.0, 151.0, 208.0, 126.0, 133.0, 126.0])
('Bexar-Texas', 'OZONE', [182.0, 156.0, 151.0, 187.0, 161.0, 145.0, 137.0, 190.0, 142.0, 150.0, 140.0, 145.0, 124.0, 116.0, 161.0, 129.0, 129.0, 161.0, 154.0, 136.0, 156.0])
('Blair-Pennsylvania', 'OZONE', [154.0, 159.0, 182.0, 161.0, 166.0, 151.0, 151.0, 182.0, 172.0, 100.0, 124.0, 111.0, 104.0, 116.0, 97.0, 122.0, 135.0, 161.0, 93.0, 108.0, 108.0])
('Blount-Tennessee', 'OZONE', [203.0, 137.0, 190.0, 203.0, 203.0, 159.0, 135.0, 177.0, 151.0, 127.0, 142.0, 135.0, 151.0, 129.0, 147.0, 122.0, 129.0, 126.0, 105.0, 97.0, 105.0])
('Boone-Kentucky', 'OZONE', [169.0, 161.0, 124.0, 169.0, 151.0, 154.0, 124.0, 161.0, 135.0, 104.0, 116.0, 90.0, 114.0, 67.0, 97.0, 114.0, 100.0, 150.0, 101.0, 80.0, 101.0])
('Bossier-Louisiana', 'OZONE', [109.0, 137.0, 135.0, 159.0, 159.0, 177.0, 142.0, 111.0, 142.0, 119.0, 137.0, 135.0, 129.0, 109.0, 177.0, 137.0, 135.0, 140.0, 119.0, 112.0, 140.0])
('Boulder-Colorado', 'OZONE', [101.0, 116.0, 109.0, 151.0, 127.0, 106.0, 101.0, 127.0, 127.0, 80.0, 122.0, 129.0, 132.0, 119.0, 147.0, 119.0, 116.0, 172.0, 151.0, 115.0, 129.0])
('Boyd-Kentucky', 'OZONE', [169.0, 151.0, 192.0, 166.0, 161.0, 124.0, 140.0, 179.0, 177.0, 109.0, 129.0, 129.0, 111.0, 111.0, 97.0, 101.0, 109.0, 143.0, 119.0, 115.0, 108.0])
('Brevard-Florida', 'OZONE', [101.0, 119.0, 137.0, 200.0, 132.0, 122.0, 135.0, 100.0, 122.0, 90.0, 106.0, 132.0, 114.0, 104.0, 100.0, 71.0, 90.0, 122.0, 93.0, 87.0, 90.0])
('Brewster-Texas', 'OZONE', [87.0, 114.0, 74.0, 97.0, 90.0, 77.0, 84.0, 67.0, 74.0, 61.0, 87.0, 74.0, 90.0, 80.0, 108.0, 80.0, 127.0, 97.0, 90.0, 84.0, 87.0])
('Bristol-Massachusetts', 'OZONE', [204.0, 195.0, 179.0, 174.0, 192.0, 174.0, 201.0, 174.0, 201.0, 159.0, 127.0, 179.0, 127.0, 132.0, 126.0, 114.0, 124.0, 161.0, 161.0, 84.0, 122.0])
('Bronx-New York', 'OZONE', [200.0, 147.0, 187.0, 161.0, 177.0, 169.0, 127.0, 174.0, 161.0, 129.0, 154.0, 159.0, 124.0, 127.0, 129.0, 114.0, 137.0, 133.0, 119.0, 133.0, 136.0])
('Broward-Florida', 'OZONE', [137.0, 127.0, 114.0, 169.0, 151.0, 127.0, 156.0, 137.0, 97.0, 109.0, 116.0, 145.0, 74.0, 145.0, 100.0, 90.0, 100.0, 147.0, 97.0, 115.0, 101.0])
('Brown-Wisconsin', 'OZONE', [159.0, 156.0, 156.0, 137.0, 147.0, 129.0, 159.0, 132.0, 185.0, 106.0, 156.0, 90.0, 122.0, 84.0, 97.0, 93.0, 122.0, 179.0, 108.0, 119.0, 122.0])
('Bucks-Pennsylvania', 'OZONE', [204.0, 202.0, 205.0, 161.0, 205.0, 207.0, 202.0, 204.0, 187.0, 132.0, 156.0, 169.0, 203.0, 166.0, 122.0, 164.0, 124.0, 161.0, 122.0, 172.0, 164.0])
('Bullitt-Kentucky', 'OZONE', [174.0, 145.0, 190.0, 166.0, 161.0, 137.0, 161.0, 172.0, 101.0, 166.0, 119.0, 106.0, 122.0, 129.0, 100.0, 101.0, 161.0, 151.0, 105.0, 112.0, 108.0])
('Buncombe-North Carolina', 'OZONE', [106.0, 106.0, 106.0, 169.0, 135.0, 154.0, 124.0, 154.0, 104.0, 111.0, 124.0, 119.0, 104.0, 111.0, 97.0, 101.0, 84.0, 150.0, 97.0, 93.0, 87.0])
('Butler-Ohio', 'OZONE', [203.0, 182.0, 169.0, 190.0, 204.0, 169.0, 169.0, 195.0, 203.0, 137.0, 177.0, 129.0, 172.0, 140.0, 129.0, 127.0, 147.0, 179.0, 119.0, 133.0, 112.0])
('Butte-California', 'OZONE', [127.0, 122.0, 90.0, 137.0, 161.0, 150.0, 135.0, 164.0, 140.0, 147.0, 124.0, 147.0, 150.0, 182.0, 156.0, 106.0, 114.0, 133.0, 169.0, 150.0, 126.0])
('Cabell-West Virginia', 'OZONE', [192.0, 164.0, 185.0, 200.0, 161.0, 124.0, 142.0, 182.0, 174.0, 114.0, 124.0, 127.0, 147.0, 101.0, 90.0, 101.0, 111.0, 159.0, 84.0, 101.0, 101.0])
('Cache-Utah', 'OZONE', [67.0, 90.0, 71.0, 93.0, 84.0, 122.0, 97.0, 101.0, 106.0, 84.0, 119.0, 122.0, 116.0, 93.0, 77.0, 80.0, 71.0, 112.0, 115.0, 77.0, 115.0])
('Caddo-Louisiana', 'OZONE', [145.0, 137.0, 127.0, 166.0, 137.0, 164.0, 124.0, 111.0, 127.0, 114.0, 129.0, 132.0, 140.0, 114.0, 122.0, 119.0, 122.0, 129.0, 119.0, 100.0, 93.0])
('Calaveras-California', 'OZONE', [179.0, 192.0, 192.0, 185.0, 177.0, 174.0, 137.0, 182.0, 154.0, 132.0, 156.0, 177.0, 119.0, 179.0, 136.0, 129.0, 119.0, 156.0, 119.0, 115.0, 156.0])
('Calcasieu-Louisiana', 'OZONE', [159.0, 122.0, 201.0, 159.0, 150.0, 150.0, 145.0, 114.0, 161.0, 129.0, 140.0, 151.0, 114.0, 101.0, 177.0, 122.0, 111.0, 136.0, 115.0, 133.0, 156.0])
('Caldwell-North Carolina', 'OZONE', [142.0, 124.0, 185.0, 169.0, 140.0, 129.0, 159.0, 129.0, 97.0, 111.0, 114.0, 114.0, 106.0, 90.0, 104.0, 84.0, 129.0, 93.0, 100.0, 97.0])
('Cambria-Pennsylvania', 'OZONE', [142.0, 135.0, 192.0, 174.0, 182.0, 156.0, 151.0, 154.0, 164.0, 104.0, 127.0, 100.0, 109.0, 90.0, 93.0, 124.0, 104.0, 159.0, 129.0, 108.0, 97.0])
('Camden-New Jersey', 'OZONE', [206.0, 182.0, 205.0, 185.0, 202.0, 203.0, 202.0, 201.0, 206.0, 169.0, 159.0, 200.0, 179.0, 150.0, 115.0, 147.0, 154.0, 179.0, 112.0, 119.0, 161.0])
('Campbell-Kentucky', 'OZONE', [179.0, 197.0, 166.0, 169.0, 142.0, 166.0, 161.0, 197.0, 145.0, 122.0, 177.0, 35.0, 150.0, 122.0, 115.0, 111.0, 122.0, 201.0, 129.0, 112.0, 129.0])
('Caroline-Virginia', 'OZONE', [140.0, 142.0, 169.0, 200.0, 169.0, 132.0, 150.0, 159.0, 179.0, 127.0, 145.0, 129.0, 127.0, 137.0, 100.0, 119.0, 116.0, 133.0, 90.0, 84.0, 87.0])
('Carroll-Maryland', 'OZONE', [182.0, 161.0, 169.0, 190.0, 201.0, 161.0, 174.0, 166.0, 156.0, 154.0, 140.0, 172.0, 150.0, 151.0, 112.0, 124.0, 124.0, 159.0, 101.0, 84.0, 115.0])
('Cass-Michigan', 'OZONE', [190.0, 174.0, 164.0, 166.0, 177.0, 142.0, 140.0, 201.0, 164.0, 119.0, 140.0, 111.0, 127.0, 100.0, 129.0, 93.0, 129.0, 203.0, 122.0, 115.0, 126.0])
('Cass-North Dakota', 'OZONE', [33.0, 93.0, 90.0, 67.0, 84.0, 87.0, 61.0, 74.0, 80.0, 71.0, 64.0, 71.0, 58.0, 49.0, 67.0, 74.0, 54.0, 90.0, 80.0, 80.0, 67.0])
('Caswell-North Carolina', 'OZONE', [161.0, 161.0, 156.0, 172.0, 151.0, 166.0, 150.0, 195.0, 172.0, 109.0, 111.0, 104.0, 140.0, 135.0, 101.0, 106.0, 109.0, 136.0, 112.0, 97.0, 87.0])
('Cecil-Maryland', 'OZONE', [208.0, 200.0, 209.0, 207.0, 205.0, 208.0, 201.0, 204.0, 201.0, 156.0, 190.0, 164.0, 204.0, 169.0, 143.0, 137.0, 151.0, 172.0, 143.0, 150.0, 187.0])
('Champaign-Illinois', 'OZONE', [135.0, 142.0, 116.0, 137.0, 156.0, 114.0, 97.0, 137.0, 106.0, 71.0, 109.0, 100.0, 101.0, 54.0, 93.0, 58.0, 132.0, 136.0, 100.0, 101.0, 90.0])
('Charles-Maryland', 'OZONE', [164.0, 147.0, 190.0, 195.0, 195.0, 192.0, 154.0, 192.0, 203.0, 154.0, 154.0, 159.0, 161.0, 135.0, 105.0, 145.0, 156.0, 192.0, 97.0, 122.0, 122.0])
('Charles-Virginia', 'OZONE', [145.0, 140.0, 179.0, 203.0, 205.0, 116.0, 154.0, 203.0, 159.0, 140.0, 150.0, 137.0, 137.0, 135.0, 97.0, 122.0, 172.0, 174.0, 150.0, 122.0, 112.0])
('Charleston-South Carolina', 'OZONE', [137.0, 151.0, 142.0, 111.0, 127.0, 150.0, 93.0, 135.0, 114.0, 127.0, 116.0, 135.0, 109.0, 100.0, 80.0, 97.0, 80.0, 93.0, 84.0, 80.0, 71.0])
('Chatham-Georgia', 'OZONE', [101.0, 116.0, 97.0, 111.0, 129.0, 147.0, 106.0, 127.0, 90.0, 101.0, 87.0, 101.0, 77.0, 87.0, 115.0, 84.0, 77.0, 93.0, 90.0, 67.0, 67.0])
('Chatham-North Carolina', 'OZONE', [140.0, 151.0, 147.0, 150.0, 150.0, 122.0, 114.0, 172.0, 137.0, 97.0, 122.0, 106.0, 116.0, 114.0, 101.0, 93.0, 84.0, 151.0, 80.0, 87.0, 64.0])
('Chautauqua-New York', 'OZONE', [137.0, 137.0, 147.0, 177.0, 159.0, 185.0, 169.0, 190.0, 202.0, 137.0, 154.0, 127.0, 145.0, 132.0, 133.0, 135.0, 135.0, 197.0, 119.0, 112.0, 126.0])
('Cheshire-New Hampshire', 'OZONE', [97.0, 137.0, 159.0, 124.0, 135.0, 142.0, 154.0, 156.0, 114.0, 114.0, 119.0, 100.0, 119.0, 111.0, 101.0, 71.0, 71.0, 112.0, 90.0, 115.0, 93.0])
('Chittenden-Vermont', 'OZONE', [111.0, 137.0, 100.0, 116.0, 132.0, 111.0, 116.0, 151.0, 104.0, 109.0, 119.0, 104.0, 127.0, 119.0, 93.0, 87.0, 64.0, 100.0, 80.0, 74.0, 100.0])
('Christian-Kentucky', 'OZONE', [124.0, 122.0, 124.0, 169.0, 185.0, 135.0, 135.0, 154.0, 127.0, 109.0, 124.0, 114.0, 142.0, 100.0, 136.0, 104.0, 93.0, 122.0, 101.0, 90.0, 87.0])
('Clackamas-Oregon', 'OZONE', [142.0, 203.0, 116.0, 201.0, 111.0, 87.0, 111.0, 124.0, 122.0, 122.0, 109.0, 177.0, 84.0, 122.0, 133.0, 147.0, 77.0, 108.0, 84.0, 105.0, 108.0])
('Clallam-Washington', 'OZONE', [64.0, 39.0, 44.0, 43.0, 38.0, 43.0, 43.0, 35.0, 42.0, 44.0, 58.0, 46.0, 47.0, 80.0, 71.0, 51.0, 50.0, 74.0, 50.0, 84.0, 58.0])
('Clark-Indiana', 'OZONE', [197.0, 147.0, 190.0, 207.0, 151.0, 132.0, 151.0, 169.0, 151.0, 111.0, 156.0, 142.0, 150.0, 124.0, 105.0, 122.0, 137.0, 164.0, 93.0, 122.0, 164.0])
('Clark-Nevada', 'OZONE', [116.0, 137.0, 119.0, 177.0, 142.0, 127.0, 147.0, 145.0, 147.0, 132.0, 174.0, 156.0, 137.0, 119.0, 136.0, 122.0, 137.0, 164.0, 166.0, 154.0, 151.0])
('Clark-Ohio', 'OZONE', [195.0, 185.0, 177.0, 202.0, 174.0, 197.0, 142.0, 202.0, 203.0, 132.0, 151.0, 140.0, 151.0, 137.0, 119.0, 114.0, 116.0, 172.0, 112.0, 105.0, 133.0])
('Clark-Washington', 'OZONE', [145.0, 154.0, 77.0, 116.0, 64.0, 90.0, 87.0, 93.0, 101.0, 67.0, 101.0, 100.0, 90.0, 87.0, 133.0, 64.0, 71.0, 84.0, 74.0, 133.0, 93.0])
('Clermont-Ohio', 'OZONE', [202.0, 151.0, 161.0, 166.0, 201.0, 161.0, 140.0, 195.0, 174.0, 116.0, 135.0, 129.0, 145.0, 90.0, 101.0, 129.0, 154.0, 202.0, 126.0, 100.0, 136.0])
('Cleveland-Oklahoma', 'OZONE', [159.0, 122.0, 151.0, 177.0, 132.0, 129.0, 122.0, 124.0, 127.0, 116.0, 114.0, 122.0, 97.0, 87.0, 101.0, 97.0, 127.0, 156.0, 112.0, 101.0, 87.0])
('Clinton-Michigan', 'OZONE', [111.0, 93.0, 114.0, 147.0, 147.0, 122.0, 151.0, 145.0, 151.0, 109.0, 119.0, 106.0, 124.0, 106.0, 100.0, 100.0, 104.0, 166.0, 108.0, 112.0, 100.0])
('Clinton-Ohio', 'OZONE', [187.0, 187.0, 172.0, 177.0, 169.0, 187.0, 182.0, 192.0, 169.0, 129.0, 154.0, 137.0, 140.0, 129.0, 108.0, 111.0, 137.0, 187.0, 122.0, 122.0, 119.0])
('Cochise-Arizona', 'OZONE', [97.0, 100.0, 77.0, 100.0, 109.0, 93.0, 77.0, 109.0, 104.0, 93.0, 93.0, 101.0, 93.0, 93.0, 129.0, 97.0, 101.0, 119.0, 115.0, 112.0, 90.0])
('Coconino-Arizona', 'OZONE', [87.0, 109.0, 97.0, 93.0, 114.0, 106.0, 90.0, 114.0, 106.0, 104.0, 135.0, 104.0, 90.0, 109.0, 100.0, 114.0, 109.0, 133.0, 115.0, 126.0, 108.0])
('Colleton-South Carolina', 'OZONE', [119.0, 122.0, 119.0, 135.0, 127.0, 154.0, 122.0, 135.0, 101.0, 97.0, 106.0, 114.0, 101.0, 100.0, 80.0, 93.0, 71.0, 61.0, 51.0, 74.0, 61.0])
('Collin-Texas', 'OZONE', [197.0, 187.0, 197.0, 166.0, 205.0, 177.0, 172.0, 161.0, 177.0, 161.0, 151.0, 169.0, 145.0, 145.0, 150.0, 129.0, 150.0, 159.0, 140.0, 143.0, 143.0])
('Columbia-Oregon', 'OZONE', [135.0, 122.0, 64.0, 104.0, 47.0, 71.0, 77.0, 74.0, 93.0, 54.0, 64.0, 100.0, 64.0, 67.0, 105.0, 54.0, 47.0, 58.0, 48.0, 74.0, 77.0])
('Columbia-Wisconsin', 'OZONE', [159.0, 150.0, 124.0, 111.0, 147.0, 127.0, 127.0, 129.0, 119.0, 100.0, 124.0, 90.0, 127.0, 84.0, 87.0, 77.0, 87.0, 151.0, 101.0, 112.0, 80.0])
('Colusa-California', 'OZONE', [137.0, 140.0, 114.0, 132.0, 124.0, 90.0, 132.0, 114.0, 87.0, 93.0, 97.0, 101.0, 74.0, 114.0, 93.0, 101.0, 71.0, 90.0, 71.0, 90.0, 100.0])
('Comanche-Oklahoma', 'OZONE', [135.0, 111.0, 58.0, 142.0, 122.0, 145.0, 124.0, 116.0, 127.0, 127.0, 124.0, 132.0, 106.0, 111.0, 119.0, 114.0, 119.0, 151.0, 119.0, 105.0, 97.0])
('Contra Costa-California', 'OZONE', [197.0, 161.0, 114.0, 185.0, 203.0, 147.0, 166.0, 151.0, 124.0, 119.0, 111.0, 145.0, 114.0, 137.0, 172.0, 129.0, 106.0, 154.0, 115.0, 133.0, 147.0])
('Cook-Illinois', 'OZONE', [205.0, 202.0, 202.0, 159.0, 179.0, 122.0, 169.0, 201.0, 159.0, 132.0, 195.0, 140.0, 182.0, 93.0, 202.0, 116.0, 135.0, 195.0, 136.0, 143.0, 156.0])
('Coos-New Hampshire', 'OZONE', [119.0, 109.0, 161.0, 114.0, 140.0, 97.0, 124.0, 185.0, 109.0, 135.0, 116.0, 109.0, 140.0, 124.0, 108.0, 109.0, 87.0, 108.0, 119.0, 97.0, 140.0])
('Crittenden-Arkansas', 'OZONE', [204.0, 174.0, 161.0, 142.0, 172.0, 151.0, 166.0, 179.0, 182.0, 116.0, 179.0, 169.0, 151.0, 147.0, 133.0, 140.0, 137.0, 156.0, 100.0, 93.0, 101.0])
('Cumberland-Maine', 'OZONE', [201.0, 142.0, 202.0, 201.0, 169.0, 111.0, 174.0, 169.0, 122.0, 106.0, 119.0, 106.0, 159.0, 101.0, 150.0, 151.0, 137.0, 126.0, 136.0, 101.0, 108.0])
('Cumberland-New Jersey', 'OZONE', [200.0, 145.0, 195.0, 164.0, 174.0, 195.0, 185.0, 185.0, 203.0, 135.0, 185.0, 151.0, 132.0, 119.0, 129.0, 119.0, 104.0, 164.0, 90.0, 101.0, 108.0])
('Cumberland-North Carolina', 'OZONE', [154.0, 159.0, 142.0, 172.0, 172.0, 156.0, 140.0, 182.0, 140.0, 122.0, 156.0, 111.0, 142.0, 119.0, 122.0, 127.0, 119.0, 147.0, 105.0, 97.0, 93.0])
('Cuyahoga-Ohio', 'OZONE', [164.0, 197.0, 150.0, 190.0, 166.0, 150.0, 159.0, 179.0, 192.0, 127.0, 156.0, 137.0, 169.0, 137.0, 140.0, 124.0, 129.0, 192.0, 151.0, 115.0, 112.0])
('Dane-Wisconsin', 'OZONE', [150.0, 135.0, 124.0, 129.0, 150.0, 104.0, 140.0, 122.0, 129.0, 93.0, 119.0, 84.0, 124.0, 84.0, 84.0, 84.0, 84.0, 154.0, 93.0, 112.0, 90.0])
('Darlington-South Carolina', 'OZONE', [122.0, 124.0, 137.0, 166.0, 147.0, 161.0, 124.0, 159.0, 129.0, 127.0, 127.0, 106.0, 101.0, 114.0, 87.0, 97.0, 104.0, 147.0, 93.0, 97.0, 84.0])
('Dauphin-Pennsylvania', 'OZONE', [177.0, 150.0, 174.0, 179.0, 200.0, 164.0, 156.0, 203.0, 182.0, 124.0, 150.0, 132.0, 127.0, 150.0, 108.0, 129.0, 124.0, 129.0, 112.0, 97.0, 112.0])
('Davidson-Tennessee', 'OZONE', [161.0, 174.0, 172.0, 179.0, 169.0, 151.0, 154.0, 116.0, 124.0, 116.0, 147.0, 156.0, 161.0, 109.0, 97.0, 111.0, 124.0, 169.0, 84.0, 108.0, 97.0])
('Daviess-Kentucky', 'OZONE', [151.0, 151.0, 156.0, 185.0, 145.0, 101.0, 147.0, 164.0, 101.0, 97.0, 129.0, 137.0, 150.0, 111.0, 105.0, 111.0, 122.0, 190.0, 93.0, 100.0, 101.0])
('Davis-Utah', 'OZONE', [159.0, 140.0, 119.0, 169.0, 159.0, 202.0, 185.0, 145.0, 119.0, 104.0, 182.0, 150.0, 135.0, 122.0, 115.0, 114.0, 116.0, 100.0, 90.0, 122.0, 143.0])
('Dawson-Georgia', 'OZONE', [154.0, 150.0, 132.0, 166.0, 140.0, 135.0, 132.0, 145.0, 124.0, 101.0, 135.0, 127.0, 137.0, 111.0, 101.0, 127.0, 77.0, 93.0, 105.0, 101.0, 101.0])
('DeKalb-Georgia', 'OZONE', [206.0, 202.0, 164.0, 201.0, 208.0, 209.0, 169.0, 203.0, 169.0, 192.0, 172.0, 203.0, 204.0, 156.0, 143.0, 156.0, 147.0, 185.0, 140.0, 122.0, 150.0])
('DeSoto-Mississippi', 'OZONE', [154.0, 202.0, 182.0, 159.0, 182.0, 151.0, 116.0, 169.0, 127.0, 145.0, 147.0, 154.0, 182.0, 114.0, 143.0, 122.0, 109.0, 151.0, 112.0, 112.0, 80.0])
('Denali -Alaska', 'OZONE', [49.0, 49.0, 46.0, 48.0, 47.0, 39.0, 54.0, 61.0, 54.0, 64.0, 46.0, 51.0, 47.0, 101.0, 54.0, 45.0, 49.0, 58.0, 51.0, 80.0, 64.0])
('Denton-Texas', 'OZONE', [202.0, 201.0, 197.0, 192.0, 205.0, 190.0, 179.0, 197.0, 159.0, 174.0, 182.0, 177.0, 177.0, 140.0, 164.0, 119.0, 166.0, 174.0, 161.0, 156.0, 172.0])
('Denver-Colorado', 'OZONE', [101.0, 106.0, 101.0, 132.0, 104.0, 106.0, 106.0, 119.0, 182.0, 74.0, 111.0, 142.0, 114.0, 127.0, 100.0, 93.0, 137.0, 166.0, 133.0, 97.0, 133.0])
('Dodge-Wisconsin', 'OZONE', [132.0, 151.0, 129.0, 135.0, 147.0, 129.0, 135.0, 142.0, 124.0, 106.0, 129.0, 101.0, 114.0, 71.0, 93.0, 100.0, 100.0, 179.0, 136.0, 108.0, 101.0])
('Dona Ana-New Mexico', 'OZONE', [140.0, 137.0, 119.0, 135.0, 164.0, 159.0, 145.0, 137.0, 137.0, 114.0, 114.0, 135.0, 124.0, 111.0, 115.0, 122.0, 122.0, 143.0, 159.0, 119.0, 126.0])
('Door-Wisconsin', 'OZONE', [201.0, 203.0, 201.0, 182.0, 195.0, 151.0, 192.0, 166.0, 202.0, 132.0, 182.0, 169.0, 150.0, 111.0, 150.0, 147.0, 137.0, 187.0, 126.0, 133.0, 129.0])
('Douglas-Colorado', 'OZONE', [106.0, 132.0, 109.0, 154.0, 109.0, 119.0, 135.0, 147.0, 201.0, 104.0, 140.0, 142.0, 129.0, 137.0, 150.0, 114.0, 159.0, 182.0, 151.0, 122.0, 169.0])
('Douglas-Georgia', 'OZONE', [202.0, 161.0, 211.0, 200.0, 179.0, 159.0, 185.0, 147.0, 132.0, 172.0, 182.0, 151.0, 124.0, 147.0, 111.0, 122.0, 133.0, 101.0, 126.0, 112.0])
('Douglas-Nebraska', 'OZONE', [122.0, 71.0, 104.0, 114.0, 140.0, 106.0, 80.0, 97.0, 101.0, 97.0, 93.0, 100.0, 84.0, 74.0, 90.0, 87.0, 93.0, 140.0, 108.0, 93.0, 122.0])
('Dutchess-New York', 'OZONE', [159.0, 159.0, 159.0, 166.0, 169.0, 156.0, 161.0, 209.0, 119.0, 159.0, 137.0, 93.0, 132.0, 132.0, 122.0, 142.0, 159.0, 119.0, 100.0, 101.0, 133.0])
('Duval-Florida', 'OZONE', [129.0, 127.0, 150.0, 202.0, 129.0, 147.0, 119.0, 101.0, 114.0, 150.0, 127.0, 135.0, 140.0, 100.0, 136.0, 122.0, 114.0, 93.0, 97.0, 126.0, 74.0])
('Edgefield-South Carolina', 'OZONE', [109.0, 122.0, 129.0, 197.0, 159.0, 129.0, 106.0, 164.0, 90.0, 129.0, 116.0, 90.0, 101.0, 135.0, 84.0, 80.0, 71.0, 80.0, 67.0, 61.0, 105.0])
('Edmonson-Kentucky', 'OZONE', [161.0, 147.0, 156.0, 169.0, 174.0, 156.0, 129.0, 161.0, 137.0, 90.0, 116.0, 97.0, 122.0, 93.0, 97.0, 106.0, 93.0, 161.0, 105.0, 90.0, 90.0])
('Effingham-Illinois', 'OZONE', [145.0, 166.0, 135.0, 127.0, 150.0, 122.0, 109.0, 150.0, 119.0, 97.0, 101.0, 97.0, 109.0, 84.0, 101.0, 90.0, 93.0, 166.0, 97.0, 90.0, 84.0])
('El Dorado-California', 'OZONE', [195.0, 195.0, 177.0, 205.0, 202.0, 195.0, 185.0, 209.0, 203.0, 166.0, 172.0, 200.0, 177.0, 202.0, 177.0, 166.0, 147.0, 177.0, 147.0, 161.0, 166.0])
('El Paso-Colorado', 'OZONE', [84.0, 67.0, 58.0, 93.0, 114.0, 114.0, 90.0, 97.0, 122.0, 90.0, 127.0, 109.0, 109.0, 111.0, 101.0, 127.0, 119.0, 129.0, 140.0, 90.0, 105.0])
('El Paso-Texas', 'OZONE', [174.0, 150.0, 151.0, 182.0, 127.0, 154.0, 137.0, 174.0, 127.0, 122.0, 159.0, 142.0, 114.0, 147.0, 126.0, 129.0, 129.0, 122.0, 140.0, 115.0, 136.0])
('Elkhart-Indiana', 'OZONE', [159.0, 172.0, 156.0, 164.0, 116.0, 106.0, 61.0, 190.0, 145.0, 111.0, 147.0, 111.0, 124.0, 97.0, 100.0, 80.0, 122.0, 206.0, 77.0, 67.0, 74.0])
('Elmore-Alabama', 'OZONE', [145.0, 150.0, 100.0, 182.0, 127.0, 142.0, 129.0, 140.0, 119.0, 109.0, 87.0, 97.0, 127.0, 90.0, 80.0, 97.0, 90.0, 100.0, 87.0, 84.0, 115.0])
('Erie-New York', 'OZONE', [156.0, 129.0, 119.0, 156.0, 174.0, 161.0, 197.0, 195.0, 177.0, 116.0, 169.0, 127.0, 132.0, 109.0, 126.0, 104.0, 100.0, 151.0, 122.0, 101.0, 119.0])
('Erie-Pennsylvania', 'OZONE', [195.0, 145.0, 154.0, 200.0, 187.0, 151.0, 159.0, 169.0, 185.0, 119.0, 169.0, 137.0, 156.0, 109.0, 140.0, 119.0, 114.0, 185.0, 100.0, 101.0, 115.0])
('Escambia-Florida', 'OZONE', [151.0, 187.0, 156.0, 201.0, 156.0, 182.0, 137.0, 124.0, 159.0, 132.0, 129.0, 135.0, 150.0, 127.0, 150.0, 132.0, 109.0, 115.0, 101.0, 126.0, 100.0])
('Essex-Massachusetts', 'OZONE', [201.0, 140.0, 182.0, 182.0, 192.0, 135.0, 201.0, 205.0, 161.0, 142.0, 159.0, 135.0, 169.0, 145.0, 129.0, 119.0, 127.0, 164.0, 126.0, 108.0, 122.0])
('Fairfax-Virginia', 'OZONE', [203.0, 174.0, 201.0, 201.0, 200.0, 182.0, 177.0, 206.0, 204.0, 204.0, 154.0, 204.0, 150.0, 166.0, 133.0, 150.0, 159.0, 201.0, 119.0, 105.0, 119.0])
('Fairfield-Connecticut', 'OZONE', [206.0, 190.0, 211.0, 185.0, 208.0, 204.0, 208.0, 206.0, 204.0, 187.0, 187.0, 202.0, 182.0, 174.0, 150.0, 154.0, 164.0, 179.0, 185.0, 164.0, 177.0])
('Fayette-Kentucky', 'OZONE', [172.0, 135.0, 150.0, 190.0, 159.0, 122.0, 140.0, 132.0, 124.0, 77.0, 111.0, 97.0, 116.0, 106.0, 93.0, 100.0, 111.0, 151.0, 80.0, 93.0, 133.0])
('Flathead-Montana', 'OZONE', [51.0, 50.0, 47.0, 51.0, 67.0, 50.0, 46.0, 46.0, 67.0, 47.0, 54.0, 74.0, 50.0, 50.0, 71.0, 49.0, 49.0, 84.0, 67.0, 51.0, 77.0])
('Fond du Lac-Wisconsin', 'OZONE', [145.0, 169.0, 135.0, 140.0, 154.0, 124.0, 137.0, 145.0, 114.0, 97.0, 132.0, 87.0, 111.0, 80.0, 97.0, 87.0, 116.0, 192.0, 90.0, 105.0, 97.0])
('Forsyth-North Carolina', 'OZONE', [192.0, 166.0, 166.0, 201.0, 187.0, 147.0, 169.0, 195.0, 169.0, 114.0, 122.0, 140.0, 151.0, 137.0, 126.0, 145.0, 122.0, 154.0, 122.0, 100.0, 126.0])
('Franklin-Ohio', 'OZONE', [182.0, 195.0, 151.0, 169.0, 187.0, 154.0, 161.0, 202.0, 206.0, 127.0, 177.0, 129.0, 147.0, 150.0, 129.0, 132.0, 132.0, 201.0, 136.0, 115.0, 112.0])
('Frederick-Virginia', 'OZONE', [142.0, 124.0, 147.0, 177.0, 145.0, 132.0, 132.0, 154.0, 147.0, 135.0, 114.0, 132.0, 116.0, 114.0, 101.0, 135.0, 87.0, 119.0, 87.0, 84.0, 74.0])
('Fresno-California', 'OZONE', [205.0, 204.0, 205.0, 208.0, 204.0, 207.0, 203.0, 207.0, 201.0, 169.0, 190.0, 195.0, 164.0, 207.0, 200.0, 197.0, 172.0, 212.0, 197.0, 197.0, 205.0])
('Fulton-Georgia', 'OZONE', [206.0, 200.0, 179.0, 209.0, 210.0, 207.0, 169.0, 201.0, 179.0, 185.0, 197.0, 202.0, 201.0, 151.0, 172.0, 137.0, 145.0, 190.0, 177.0, 140.0, 172.0])
('Galveston-Texas', 'OZONE', [215.0, 129.0, 213.0, 215.0, 207.0, 206.0, 135.0, 159.0, 211.0, 190.0, 132.0, 140.0, 156.0, 169.0, 150.0, 140.0, 192.0, 150.0, 112.0, 119.0, 190.0])
('Genesee-Michigan', 'OZONE', [135.0, 185.0, 150.0, 192.0, 200.0, 142.0, 169.0, 154.0, 166.0, 127.0, 124.0, 119.0, 137.0, 111.0, 108.0, 100.0, 124.0, 172.0, 105.0, 105.0, 112.0])
('Gloucester-New Jersey', 'OZONE', [205.0, 166.0, 203.0, 187.0, 201.0, 204.0, 182.0, 205.0, 204.0, 151.0, 151.0, 140.0, 166.0, 164.0, 119.0, 154.0, 166.0, 166.0, 126.0, 122.0, 133.0])
('Glynn-Georgia', 'OZONE', [109.0, 101.0, 124.0, 164.0, 124.0, 122.0, 140.0, 119.0, 97.0, 109.0, 74.0, 104.0, 87.0, 87.0, 87.0, 77.0, 77.0, 64.0, 80.0, 80.0, 61.0])
('Greene-Missouri', 'OZONE', [150.0, 124.0, 109.0, 142.0, 185.0, 124.0, 127.0, 124.0, 124.0, 101.0, 119.0, 127.0, 137.0, 109.0, 115.0, 84.0, 119.0, 150.0, 97.0, 80.0, 80.0])
('Greenup-Kentucky', 'OZONE', [150.0, 147.0, 140.0, 202.0, 177.0, 124.0, 142.0, 161.0, 147.0, 100.0, 122.0, 145.0, 127.0, 104.0, 90.0, 104.0, 127.0, 154.0, 101.0, 90.0, 100.0])
('Gregg-Texas', 'OZONE', [187.0, 132.0, 169.0, 197.0, 197.0, 169.0, 150.0, 140.0, 129.0, 172.0, 147.0, 137.0, 140.0, 116.0, 126.0, 111.0, 135.0, 143.0, 129.0, 115.0, 143.0])
('Guilford-North Carolina', 'OZONE', [169.0, 166.0, 135.0, 166.0, 159.0, 159.0, 159.0, 200.0, 190.0, 104.0, 147.0, 132.0, 169.0, 132.0, 115.0, 129.0, 116.0, 154.0, 105.0, 100.0, 112.0])
('Gwinnett-Georgia', 'OZONE', [185.0, 182.0, 151.0, 201.0, 209.0, 204.0, 182.0, 169.0, 182.0, 159.0, 124.0, 202.0, 159.0, 132.0, 147.0, 101.0, 132.0, 169.0, 112.0, 105.0, 154.0])
('Hamilton-New York', 'OZONE', [159.0, 122.0, 129.0, 127.0, 124.0, 159.0, 132.0, 145.0, 137.0, 116.0, 124.0, 111.0, 116.0, 104.0, 105.0, 90.0, 87.0, 150.0, 84.0, 84.0, 90.0])
('Hamilton-Ohio', 'OZONE', [203.0, 161.0, 174.0, 182.0, 197.0, 161.0, 174.0, 201.0, 172.0, 124.0, 195.0, 156.0, 161.0, 145.0, 133.0, 147.0, 154.0, 182.0, 112.0, 143.0, 151.0])
('Hamilton-Tennessee', 'OZONE', [179.0, 169.0, 145.0, 201.0, 182.0, 187.0, 159.0, 192.0, 169.0, 174.0, 159.0, 145.0, 169.0, 156.0, 136.0, 116.0, 109.0, 161.0, 101.0, 105.0, 133.0])
('Hampden-Massachusetts', 'OZONE', [185.0, 147.0, 172.0, 172.0, 150.0, 137.0, 174.0, 202.0, 159.0, 145.0, 172.0, 202.0, 192.0, 127.0, 133.0, 140.0, 114.0, 147.0, 140.0, 100.0, 147.0])
('Hampshire-Massachusetts', 'OZONE', [187.0, 150.0, 202.0, 187.0, 177.0, 140.0, 202.0, 187.0, 122.0, 140.0, 164.0, 187.0, 185.0, 150.0, 129.0, 135.0, 122.0, 140.0, 115.0, 100.0, 108.0])
('Hampton City-Virginia', 'OZONE', [127.0, 132.0, 169.0, 154.0, 182.0, 132.0, 156.0, 201.0, 192.0, 124.0, 114.0, 104.0, 142.0, 132.0, 154.0, 109.0, 190.0, 105.0, 97.0, 90.0])
('Hancock-Indiana', 'OZONE', [172.0, 185.0, 164.0, 182.0, 159.0, 156.0, 166.0, 179.0, 177.0, 104.0, 132.0, 114.0, 147.0, 106.0, 122.0, 90.0, 93.0, 105.0, 77.0, 67.0, 97.0])
('Hancock-Kentucky', 'OZONE', [164.0, 137.0, 150.0, 185.0, 164.0, 119.0, 145.0, 154.0, 111.0, 124.0, 106.0, 124.0, 129.0, 100.0, 105.0, 104.0, 109.0, 179.0, 87.0, 105.0, 115.0])
('Hancock-Maine', 'OZONE', [172.0, 154.0, 150.0, 190.0, 190.0, 154.0, 179.0, 190.0, 169.0, 122.0, 147.0, 142.0, 156.0, 106.0, 151.0, 135.0, 142.0, 100.0, 129.0, 105.0, 143.0])
('Hanover-Virginia', 'OZONE', [182.0, 119.0, 204.0, 197.0, 185.0, 166.0, 192.0, 159.0, 109.0, 145.0, 150.0, 154.0, 135.0, 115.0, 129.0, 111.0, 169.0, 140.0, 93.0, 74.0])
('Hardin-Kentucky', 'OZONE', [190.0, 142.0, 97.0, 140.0, 166.0, 154.0, 137.0, 159.0, 119.0, 119.0, 119.0, 114.0, 137.0, 104.0, 101.0, 97.0, 97.0, 161.0, 90.0, 80.0, 105.0])
('Harford-Maryland', 'OZONE', [207.0, 187.0, 209.0, 201.0, 204.0, 201.0, 206.0, 206.0, 206.0, 164.0, 185.0, 169.0, 195.0, 166.0, 204.0, 187.0, 197.0, 201.0, 133.0, 133.0, 156.0])
('Harris-Texas', 'OZONE', [216.0, 219.0, 215.0, 222.0, 222.0, 212.0, 209.0, 212.0, 206.0, 204.0, 202.0, 205.0, 174.0, 177.0, 205.0, 154.0, 164.0, 217.0, 197.0, 151.0, 203.0])
('Hartford-Connecticut', 'OZONE', [195.0, 114.0, 209.0, 169.0, 174.0, 154.0, 197.0, 205.0, 122.0, 129.0, 169.0, 190.0, 179.0, 135.0, 119.0, 135.0, 142.0, 164.0, 151.0, 143.0, 147.0])
('Henrico-Virginia', 'OZONE', [177.0, 129.0, 169.0, 200.0, 179.0, 145.0, 182.0, 204.0, 161.0, 101.0, 150.0, 154.0, 150.0, 187.0, 112.0, 122.0, 127.0, 179.0, 100.0, 84.0, 119.0])
('Hillsborough-Florida', 'OZONE', [172.0, 169.0, 140.0, 203.0, 161.0, 140.0, 174.0, 119.0, 145.0, 122.0, 140.0, 142.0, 154.0, 161.0, 119.0, 129.0, 119.0, 147.0, 122.0, 115.0, 119.0])
('Hillsborough-New Hampshire', 'OZONE', [161.0, 142.0, 179.0, 151.0, 137.0, 137.0, 187.0, 190.0, 124.0, 154.0, 151.0, 127.0, 147.0, 129.0, 112.0, 116.0, 137.0, 150.0, 112.0, 129.0, 129.0])
('Hinds-Mississippi', 'OZONE', [109.0, 122.0, 122.0, 127.0, 145.0, 150.0, 114.0, 137.0, 97.0, 90.0, 109.0, 124.0, 100.0, 90.0, 119.0, 93.0, 124.0, 156.0, 93.0, 93.0, 100.0])
('Honolulu-Hawaii', 'OZONE', [45.0, 37.0, 42.0, 42.0, 42.0, 41.0, 39.0, 38.0, 34.0, 47.0, 39.0, 36.0, 31.0, 42.0, 45.0, 44.0, 47.0, 45.0, 58.0, 74.0, 48.0])
('Hudson-New Jersey', 'OZONE', [209.0, 179.0, 206.0, 202.0, 227.0, 195.0, 212.0, 182.0, 192.0, 156.0, 177.0, 169.0, 174.0, 161.0, 112.0, 206.0, 156.0, 126.0, 151.0, 150.0, 166.0])
('Hunterdon-New Jersey', 'OZONE', [177.0, 145.0, 179.0, 159.0, 200.0, 177.0, 192.0, 200.0, 200.0, 156.0, 161.0, 145.0, 156.0, 140.0, 136.0, 145.0, 132.0, 143.0, 119.0, 105.0, 115.0])
('Huron-Michigan', 'OZONE', [182.0, 127.0, 145.0, 156.0, 177.0, 119.0, 201.0, 166.0, 142.0, 132.0, 127.0, 140.0, 151.0, 104.0, 119.0, 106.0, 106.0, 177.0, 133.0, 115.0, 129.0])
('Iberville-Louisiana', 'OZONE', [185.0, 203.0, 200.0, 177.0, 201.0, 177.0, 156.0, 145.0, 174.0, 151.0, 174.0, 147.0, 161.0, 127.0, 164.0, 116.0, 135.0, 122.0, 140.0, 119.0, 133.0])
('Imperial-California', 'OZONE', [201.0, 201.0, 203.0, 172.0, 187.0, 195.0, 192.0, 172.0, 154.0, 137.0, 161.0, 164.0, 164.0, 145.0, 154.0, 116.0, 122.0, 174.0, 182.0, 151.0, 140.0])
('Ingham-Michigan', 'OZONE', [156.0, 137.0, 135.0, 150.0, 154.0, 127.0, 159.0, 150.0, 147.0, 104.0, 150.0, 97.0, 122.0, 100.0, 105.0, 97.0, 101.0, 147.0, 101.0, 93.0, 93.0])
('Inyo-California', 'OZONE', [93.0, 116.0, 111.0, 124.0, 135.0, 111.0, 135.0, 132.0, 122.0, 114.0, 164.0, 132.0, 147.0, 147.0, 151.0, 101.0, 109.0, 122.0, 112.0, 115.0, 108.0])
('Jackson-Mississippi', 'OZONE', [124.0, 142.0, 166.0, 203.0, 154.0, 195.0, 140.0, 129.0, 151.0, 132.0, 122.0, 135.0, 132.0, 140.0, 147.0, 116.0, 100.0, 119.0, 105.0, 122.0, 93.0])
('Jefferson-Alabama', 'OZONE', [205.0, 203.0, 179.0, 195.0, 190.0, 195.0, 179.0, 192.0, 151.0, 142.0, 151.0, 185.0, 182.0, 150.0, 150.0, 142.0, 156.0, 172.0, 129.0, 112.0, 147.0])
('Jefferson-Colorado', 'OZONE', [132.0, 124.0, 119.0, 169.0, 142.0, 135.0, 137.0, 142.0, 166.0, 114.0, 124.0, 151.0, 156.0, 150.0, 151.0, 119.0, 172.0, 190.0, 169.0, 140.0, 164.0])
('Jefferson-Kentucky', 'OZONE', [172.0, 179.0, 174.0, 203.0, 179.0, 166.0, 127.0, 172.0, 151.0, 145.0, 140.0, 135.0, 156.0, 135.0, 150.0, 151.0, 151.0, 202.0, 97.0, 169.0, 174.0])
('Jefferson-Louisiana', 'OZONE', [147.0, 135.0, 129.0, 166.0, 154.0, 161.0, 147.0, 124.0, 166.0, 142.0, 127.0, 150.0, 154.0, 104.0, 147.0, 145.0, 119.0, 129.0, 115.0, 122.0, 100.0])
('Jefferson-Missouri', 'OZONE', [182.0, 169.0, 185.0, 195.0, 190.0, 142.0, 137.0, 172.0, 179.0, 111.0, 161.0, 135.0, 145.0, 111.0, 122.0, 127.0, 166.0, 190.0, 150.0, 119.0, 108.0])
('Jefferson-New York', 'OZONE', [182.0, 111.0, 166.0, 161.0, 156.0, 154.0, 197.0, 197.0, 179.0, 124.0, 161.0, 104.0, 129.0, 116.0, 154.0, 119.0, 109.0, 140.0, 93.0, 119.0, 90.0])
('Jefferson-Ohio', 'OZONE', [164.0, 140.0, 147.0, 116.0, 164.0, 151.0, 140.0, 159.0, 179.0, 129.0, 147.0, 135.0, 116.0, 114.0, 93.0, 111.0, 100.0, 140.0, 147.0, 108.0, 112.0])
('Jefferson-Tennessee', 'OZONE', [201.0, 192.0, 179.0, 187.0, 200.0, 161.0, 156.0, 185.0, 161.0, 116.0, 174.0, 154.0, 135.0, 140.0, 140.0, 116.0, 122.0, 206.0, 101.0, 93.0, 101.0])
('Jefferson-Texas', 'OZONE', [201.0, 147.0, 187.0, 159.0, 137.0, 200.0, 172.0, 203.0, 197.0, 182.0, 185.0, 150.0, 145.0, 137.0, 147.0, 140.0, 159.0, 207.0, 122.0, 133.0, 164.0])
('Jefferson-Wisconsin', 'OZONE', [147.0, 142.0, 119.0, 127.0, 169.0, 140.0, 150.0, 137.0, 122.0, 114.0, 135.0, 97.0, 129.0, 77.0, 112.0, 93.0, 97.0, 166.0, 112.0, 126.0, 93.0])
('Jersey-Illinois', 'OZONE', [150.0, 151.0, 156.0, 164.0, 172.0, 129.0, 147.0, 187.0, 150.0, 104.0, 135.0, 119.0, 124.0, 135.0, 115.0, 93.0, 132.0, 202.0, 151.0, 101.0, 112.0])
('Jessamine-Kentucky', 'OZONE', [172.0, 140.0, 154.0, 166.0, 151.0, 137.0, 111.0, 145.0, 137.0, 93.0, 116.0, 106.0, 132.0, 100.0, 90.0, 93.0, 116.0, 136.0, 77.0, 90.0, 105.0])
('Johnston-North Carolina', 'OZONE', [140.0, 142.0, 156.0, 179.0, 182.0, 172.0, 122.0, 192.0, 140.0, 104.0, 156.0, 106.0, 129.0, 119.0, 90.0, 101.0, 114.0, 177.0, 97.0, 84.0, 93.0])
('Kalamazoo-Michigan', 'OZONE', [177.0, 145.0, 140.0, 164.0, 154.0, 119.0, 145.0, 164.0, 140.0, 87.0, 132.0, 101.0, 122.0, 109.0, 126.0, 101.0, 111.0, 192.0, 105.0, 108.0, 101.0])
('Kanawha-West Virginia', 'OZONE', [172.0, 161.0, 124.0, 147.0, 202.0, 135.0, 135.0, 147.0, 151.0, 122.0, 129.0, 135.0, 140.0, 111.0, 93.0, 129.0, 140.0, 140.0, 112.0, 100.0, 105.0])
('Kane-Illinois', 'OZONE', [187.0, 116.0, 122.0, 104.0, 124.0, 100.0, 127.0, 137.0, 106.0, 97.0, 142.0, 93.0, 116.0, 87.0, 97.0, 104.0, 106.0, 169.0, 97.0, 101.0, 87.0])
('Kennebec-Maine', 'OZONE', [111.0, 129.0, 154.0, 150.0, 129.0, 100.0, 154.0, 147.0, 127.0, 122.0, 119.0, 101.0, 132.0, 87.0, 105.0, 109.0, 80.0, 90.0, 108.0, 87.0, 93.0])
('Kenosha-Wisconsin', 'OZONE', [203.0, 203.0, 203.0, 203.0, 169.0, 135.0, 197.0, 205.0, 154.0, 154.0, 169.0, 140.0, 150.0, 106.0, 151.0, 135.0, 151.0, 192.0, 133.0, 136.0, 133.0])
('Kent-Delaware', 'OZONE', [201.0, 154.0, 203.0, 174.0, 187.0, 187.0, 185.0, 156.0, 172.0, 122.0, 129.0, 135.0, 109.0, 122.0, 97.0, 142.0, 147.0, 182.0, 100.0, 108.0, 100.0])
('Kent-Maryland', 'OZONE', [201.0, 145.0, 203.0, 166.0, 203.0, 202.0, 177.0, 203.0, 185.0, 147.0, 147.0, 154.0, 127.0, 159.0, 115.0, 145.0, 161.0, 190.0, 126.0, 112.0, 108.0])
('Kent-Michigan', 'OZONE', [208.0, 201.0, 135.0, 156.0, 172.0, 166.0, 145.0, 159.0, 177.0, 116.0, 147.0, 172.0, 140.0, 119.0, 140.0, 101.0, 116.0, 159.0, 115.0, 101.0, 119.0])
('Kent-Rhode Island', 'OZONE', [210.0, 164.0, 177.0, 154.0, 195.0, 156.0, 202.0, 203.0, 174.0, 169.0, 156.0, 140.0, 142.0, 127.0, 112.0, 114.0, 122.0, 140.0, 143.0, 97.0, 166.0])
('Kewaunee-Wisconsin', 'OZONE', [185.0, 179.0, 185.0, 169.0, 166.0, 132.0, 161.0, 177.0, 190.0, 119.0, 166.0, 150.0, 140.0, 97.0, 140.0, 135.0, 169.0, 172.0, 119.0, 129.0, 119.0])
('King-Washington', 'OZONE', [119.0, 161.0, 142.0, 190.0, 135.0, 127.0, 137.0, 119.0, 154.0, 129.0, 104.0, 190.0, 135.0, 140.0, 147.0, 104.0, 80.0, 140.0, 108.0, 150.0, 129.0])
('Kings-California', 'OZONE', [124.0, 203.0, 177.0, 195.0, 190.0, 187.0, 179.0, 174.0, 161.0, 147.0, 156.0, 164.0, 161.0, 204.0, 164.0, 195.0, 159.0, 172.0, 182.0, 172.0, 172.0])
('Knox-Maine', 'OZONE', [200.0, 159.0, 185.0, 166.0, 187.0, 122.0, 190.0, 154.0, 179.0, 100.0, 166.0, 111.0, 151.0, 77.0, 150.0, 142.0, 100.0, 97.0, 140.0, 87.0, 119.0])
('Knox-Ohio', 'OZONE', [172.0, 172.0, 174.0, 164.0, 179.0, 192.0, 154.0, 159.0, 192.0, 119.0, 164.0, 124.0, 132.0, 104.0, 100.0, 104.0, 122.0, 182.0, 108.0, 97.0, 119.0])
('Knox-Tennessee', 'OZONE', [179.0, 190.0, 190.0, 203.0, 192.0, 203.0, 161.0, 169.0, 161.0, 151.0, 142.0, 137.0, 202.0, 150.0, 129.0, 111.0, 101.0, 217.0, 87.0, 84.0, 101.0])
('La Plata-Colorado', 'OZONE', [67.0, 106.0, 71.0, 93.0, 122.0, 67.0, 54.0, 54.0, 71.0, 93.0, 116.0, 106.0, 116.0, 97.0, 119.0, 114.0, 124.0, 108.0, 119.0, 101.0, 108.0])
('LaPorte-Indiana', 'OZONE', [207.0, 201.0, 209.0, 185.0, 182.0, 169.0, 156.0, 201.0, 140.0, 101.0, 154.0, 111.0, 124.0, 77.0, 133.0, 127.0, 150.0, 214.0, 126.0, 126.0, 126.0])
('Lackawanna-Pennsylvania', 'OZONE', [172.0, 151.0, 159.0, 154.0, 161.0, 174.0, 145.0, 201.0, 147.0, 111.0, 135.0, 111.0, 114.0, 159.0, 112.0, 116.0, 93.0, 136.0, 101.0, 100.0, 108.0])
('Lafayette-Louisiana', 'OZONE', [177.0, 129.0, 150.0, 154.0, 137.0, 195.0, 124.0, 119.0, 132.0, 140.0, 135.0, 145.0, 104.0, 122.0, 147.0, 109.0, 111.0, 129.0, 119.0, 97.0, 97.0])
('Lafourche-Louisiana', 'OZONE', [187.0, 116.0, 142.0, 185.0, 159.0, 161.0, 147.0, 100.0, 122.0, 119.0, 129.0, 156.0, 129.0, 106.0, 112.0, 109.0, 111.0, 133.0, 97.0, 105.0, 97.0])
('Lake-California', 'OZONE', [61.0, 84.0, 67.0, 101.0, 90.0, 93.0, 67.0, 104.0, 67.0, 71.0, 71.0, 87.0, 61.0, 87.0, 90.0, 58.0, 47.0, 143.0, 80.0, 93.0, 77.0])
('Lake-Illinois', 'OZONE', [182.0, 187.0, 192.0, 179.0, 145.0, 114.0, 150.0, 201.0, 122.0, 122.0, 154.0, 124.0, 129.0, 90.0, 154.0, 132.0, 150.0, 195.0, 136.0, 129.0, 122.0])
('Lake-Indiana', 'OZONE', [206.0, 185.0, 161.0, 177.0, 166.0, 140.0, 154.0, 190.0, 164.0, 101.0, 169.0, 127.0, 147.0, 104.0, 119.0, 111.0, 119.0, 179.0, 93.0, 133.0, 126.0])
('Lake-Minnesota', 'OZONE', [87.0, 80.0, 104.0, 100.0, 101.0, 97.0, 106.0, 97.0, 67.0, 54.0, 93.0, 90.0, 101.0, 77.0, 84.0, 67.0, 67.0, 108.0, 74.0, 80.0, 67.0])
('Lake-Ohio', 'OZONE', [190.0, 182.0, 179.0, 201.0, 202.0, 161.0, 164.0, 200.0, 192.0, 116.0, 202.0, 132.0, 145.0, 122.0, 156.0, 135.0, 137.0, 203.0, 150.0, 129.0, 126.0])
('Lancaster-Nebraska', 'OZONE', [74.0, 47.0, 48.0, 51.0, 54.0, 50.0, 54.0, 50.0, 77.0, 49.0, 67.0, 71.0, 54.0, 54.0, 71.0, 50.0, 50.0, 74.0, 74.0, 87.0, 80.0])
('Lancaster-Pennsylvania', 'OZONE', [197.0, 150.0, 203.0, 177.0, 201.0, 177.0, 174.0, 202.0, 203.0, 156.0, 151.0, 145.0, 142.0, 119.0, 119.0, 150.0, 137.0, 179.0, 122.0, 93.0, 122.0])
('Lane-Oregon', 'OZONE', [104.0, 154.0, 80.0, 147.0, 87.0, 90.0, 100.0, 97.0, 122.0, 101.0, 122.0, 122.0, 109.0, 77.0, 93.0, 97.0, 90.0, 84.0, 64.0, 74.0, 133.0])
('Larimer-Colorado', 'OZONE', [114.0, 109.0, 109.0, 124.0, 124.0, 135.0, 111.0, 145.0, 142.0, 101.0, 122.0, 154.0, 132.0, 114.0, 140.0, 116.0, 127.0, 172.0, 164.0, 140.0, 133.0])
('Lauderdale-Mississippi', 'OZONE', [127.0, 127.0, 119.0, 124.0, 150.0, 132.0, 119.0, 124.0, 100.0, 93.0, 132.0, 119.0, 100.0, 84.0, 80.0, 87.0, 84.0, 90.0, 80.0, 71.0, 77.0])
('Lawrence-Ohio', 'OZONE', [147.0, 190.0, 132.0, 202.0, 169.0, 140.0, 150.0, 174.0, 140.0, 84.0, 106.0, 129.0, 135.0, 142.0, 108.0, 109.0, 100.0, 161.0, 105.0, 93.0, 112.0])
('Lawrence-Pennsylvania', 'OZONE', [161.0, 129.0, 150.0, 147.0, 179.0, 100.0, 142.0, 154.0, 203.0, 106.0, 129.0, 109.0, 101.0, 119.0, 101.0, 132.0, 109.0, 154.0, 136.0, 119.0, 101.0])
('Lee-Florida', 'OZONE', [100.0, 114.0, 114.0, 150.0, 132.0, 147.0, 100.0, 80.0, 132.0, 114.0, 116.0, 106.0, 104.0, 101.0, 87.0, 87.0, 74.0, 90.0, 93.0, 93.0, 90.0])
('Lee-Mississippi', 'OZONE', [124.0, 122.0, 132.0, 151.0, 156.0, 140.0, 137.0, 145.0, 109.0, 97.0, 116.0, 116.0, 114.0, 84.0, 87.0, 90.0, 71.0, 140.0, 101.0, 87.0, 74.0])
('Lehigh-Pennsylvania', 'OZONE', [169.0, 172.0, 192.0, 156.0, 201.0, 192.0, 185.0, 182.0, 179.0, 150.0, 142.0, 142.0, 140.0, 140.0, 108.0, 147.0, 122.0, 151.0, 101.0, 112.0, 108.0])
('Lenawee-Michigan', 'OZONE', [154.0, 147.0, 129.0, 151.0, 127.0, 129.0, 151.0, 137.0, 190.0, 124.0, 154.0, 116.0, 135.0, 111.0, 122.0, 74.0, 129.0, 187.0, 105.0, 129.0, 90.0])
('Leon-Florida', 'OZONE', [122.0, 116.0, 51.0, 119.0, 135.0, 116.0, 112.0, 122.0, 140.0, 115.0, 161.0, 115.0, 140.0, 119.0, 97.0, 93.0, 93.0, 100.0, 93.0, 77.0, 97.0])
('Lincoln-North Carolina', 'OZONE', [164.0, 140.0, 135.0, 154.0, 147.0, 172.0, 150.0, 154.0, 150.0, 101.0, 132.0, 151.0, 142.0, 154.0, 90.0, 119.0, 109.0, 154.0, 105.0, 108.0, 112.0])
('Linn-Iowa', 'OZONE', [77.0, 77.0, 97.0, 87.0, 137.0, 137.0, 114.0, 111.0, 101.0, 80.0, 109.0, 77.0, 122.0, 77.0, 84.0, 93.0, 84.0, 122.0, 87.0, 90.0, 84.0])
('Litchfield-Connecticut', 'OZONE', [179.0, 151.0, 159.0, 156.0, 169.0, 154.0, 156.0, 203.0, 156.0, 159.0, 159.0, 161.0, 204.0, 137.0, 112.0, 129.0, 124.0, 129.0, 150.0, 129.0, 147.0])
('Livingston-Kentucky', 'OZONE', [142.0, 142.0, 166.0, 190.0, 190.0, 156.0, 129.0, 151.0, 129.0, 104.0, 129.0, 114.0, 116.0, 80.0, 129.0, 93.0, 104.0, 197.0, 108.0, 97.0, 105.0])
('Livingston-Louisiana', 'OZONE', [147.0, 154.0, 164.0, 161.0, 151.0, 201.0, 127.0, 129.0, 156.0, 119.0, 132.0, 147.0, 129.0, 106.0, 172.0, 111.0, 124.0, 133.0, 129.0, 122.0, 112.0])
('Los Angeles-California', 'OZONE', [217.0, 214.0, 206.0, 222.0, 182.0, 213.0, 208.0, 212.0, 215.0, 208.0, 211.0, 206.0, 201.0, 207.0, 218.0, 174.0, 203.0, 207.0, 197.0, 205.0, 203.0])
('Lucas-Ohio', 'OZONE', [172.0, 192.0, 166.0, 151.0, 192.0, 132.0, 164.0, 169.0, 172.0, 137.0, 182.0, 114.0, 159.0, 109.0, 154.0, 140.0, 122.0, 172.0, 108.0, 115.0, 90.0])
('Luzerne-Pennsylvania', 'OZONE', [151.0, 150.0, 174.0, 145.0, 177.0, 177.0, 147.0, 190.0, 147.0, 114.0, 137.0, 116.0, 111.0, 140.0, 90.0, 111.0, 84.0, 129.0, 108.0, 87.0, 105.0])
('Lycoming-Pennsylvania', 'OZONE', [119.0, 147.0, 111.0, 150.0, 116.0, 154.0, 132.0, 187.0, 161.0, 119.0, 132.0, 111.0, 119.0, 135.0, 97.0, 101.0, 87.0, 108.0, 97.0, 93.0, 87.0])
('Macon-Illinois', 'OZONE', [151.0, 156.0, 114.0, 119.0, 140.0, 122.0, 97.0, 147.0, 109.0, 71.0, 114.0, 109.0, 109.0, 80.0, 97.0, 80.0, 137.0, 126.0, 87.0, 90.0, 100.0])
('Macoupin-Illinois', 'OZONE', [172.0, 159.0, 132.0, 124.0, 142.0, 140.0, 140.0, 135.0, 137.0, 111.0, 127.0, 93.0, 140.0, 87.0, 87.0, 101.0, 127.0, 122.0, 87.0, 93.0, 90.0])
('Madera-California', 'OZONE', [166.0, 190.0, 111.0, 201.0, 150.0, 151.0, 145.0, 187.0, 166.0, 122.0, 114.0, 150.0, 119.0, 179.0, 177.0, 177.0, 154.0, 200.0, 190.0, 179.0, 154.0])
('Madison-Alabama', 'OZONE', [145.0, 145.0, 132.0, 174.0, 156.0, 161.0, 114.0, 142.0, 119.0, 124.0, 111.0, 132.0, 156.0, 122.0, 122.0, 114.0, 106.0, 147.0, 90.0, 97.0, 87.0])
('Madison-Illinois', 'OZONE', [166.0, 166.0, 179.0, 151.0, 190.0, 140.0, 137.0, 202.0, 172.0, 116.0, 172.0, 135.0, 179.0, 116.0, 147.0, 127.0, 132.0, 200.0, 136.0, 133.0, 115.0])
('Madison-Indiana', 'OZONE', [177.0, 195.0, 154.0, 182.0, 159.0, 140.0, 166.0, 185.0, 164.0, 104.0, 137.0, 109.0, 124.0, 77.0, 87.0, 84.0, 97.0, 151.0, 87.0, 67.0, 64.0])
('Madison-Ohio', 'OZONE', [187.0, 201.0, 147.0, 172.0, 161.0, 182.0, 166.0, 166.0, 179.0, 109.0, 150.0, 122.0, 140.0, 104.0, 112.0, 106.0, 119.0, 174.0, 97.0, 108.0, 108.0])
('Mahoning-Ohio', 'OZONE', [195.0, 151.0, 156.0, 185.0, 151.0, 159.0, 179.0, 169.0, 201.0, 127.0, 150.0, 114.0, 124.0, 100.0, 100.0, 116.0, 116.0, 169.0, 90.0, 100.0, 112.0])
('Manatee-Florida', 'OZONE', [109.0, 142.0, 124.0, 197.0, 177.0, 132.0, 159.0, 109.0, 135.0, 142.0, 119.0, 124.0, 122.0, 132.0, 101.0, 87.0, 104.0, 101.0, 112.0, 101.0, 97.0])
('Manitowoc-Wisconsin', 'OZONE', [208.0, 208.0, 205.0, 169.0, 164.0, 172.0, 179.0, 147.0, 195.0, 119.0, 187.0, 172.0, 142.0, 97.0, 156.0, 150.0, 161.0, 177.0, 126.0, 119.0, 133.0])
('Marathon-Wisconsin', 'OZONE', [114.0, 101.0, 100.0, 150.0, 142.0, 124.0, 106.0, 104.0, 106.0, 84.0, 132.0, 90.0, 132.0, 93.0, 87.0, 64.0, 84.0, 101.0, 84.0, 101.0, 90.0])
('Maricopa-Arizona', 'OZONE', [159.0, 177.0, 159.0, 169.0, 159.0, 150.0, 159.0, 179.0, 169.0, 129.0, 151.0, 151.0, 124.0, 119.0, 140.0, 124.0, 142.0, 164.0, 151.0, 156.0, 147.0])
('Marin-California', 'OZONE', [90.0, 114.0, 93.0, 49.0, 111.0, 49.0, 67.0, 47.0, 74.0, 61.0, 50.0, 49.0, 48.0, 80.0, 64.0, 80.0, 84.0, 58.0, 97.0, 93.0, 100.0])
('Marion-Indiana', 'OZONE', [177.0, 204.0, 174.0, 166.0, 164.0, 156.0, 156.0, 207.0, 172.0, 100.0, 135.0, 116.0, 150.0, 119.0, 133.0, 119.0, 111.0, 169.0, 119.0, 122.0, 108.0])
('Marion-Oregon', 'OZONE', [90.0, 172.0, 74.0, 156.0, 97.0, 64.0, 77.0, 90.0, 111.0, 74.0, 111.0, 129.0, 71.0, 124.0, 140.0, 106.0, 74.0, 93.0, 74.0, 136.0, 126.0])
('Mariposa-California', 'OZONE', [169.0, 179.0, 174.0, 169.0, 174.0, 161.0, 156.0, 154.0, 169.0, 204.0, 151.0, 147.0, 151.0, 174.0, 151.0, 161.0, 124.0, 166.0, 136.0, 147.0, 143.0])
('Martin-North Carolina', 'OZONE', [111.0, 122.0, 129.0, 150.0, 135.0, 111.0, 147.0, 151.0, 106.0, 129.0, 101.0, 109.0, 119.0, 97.0, 111.0, 97.0, 140.0, 90.0, 97.0, 71.0])
('Mason-Michigan', 'OZONE', [203.0, 211.0, 169.0, 156.0, 202.0, 201.0, 161.0, 177.0, 161.0, 114.0, 161.0, 172.0, 151.0, 119.0, 133.0, 106.0, 147.0, 156.0, 112.0, 115.0, 105.0])
('McCracken-Kentucky', 'OZONE', [124.0, 109.0, 159.0, 156.0, 166.0, 179.0, 132.0, 145.0, 124.0, 97.0, 116.0, 122.0, 119.0, 97.0, 115.0, 104.0, 135.0, 202.0, 100.0, 93.0, 115.0])
('McHenry-Illinois', 'OZONE', [172.0, 137.0, 140.0, 124.0, 161.0, 114.0, 135.0, 145.0, 122.0, 90.0, 147.0, 51.0, 111.0, 84.0, 100.0, 100.0, 109.0, 177.0, 119.0, 136.0, 101.0])
('Mecklenburg-North Carolina', 'OZONE', [161.0, 204.0, 187.0, 202.0, 200.0, 205.0, 177.0, 202.0, 197.0, 179.0, 190.0, 169.0, 205.0, 164.0, 133.0, 151.0, 145.0, 166.0, 101.0, 105.0, 129.0])
('Medina-Ohio', 'OZONE', [159.0, 145.0, 154.0, 156.0, 150.0, 156.0, 169.0, 154.0, 169.0, 124.0, 164.0, 101.0, 93.0, 111.0, 101.0, 137.0, 109.0, 161.0, 97.0, 105.0, 97.0])
('Mendocino-California', 'OZONE', [67.0, 42.0, 54.0, 87.0, 80.0, 50.0, 47.0, 90.0, 71.0, 47.0, 51.0, 80.0, 74.0, 90.0, 77.0, 42.0, 40.0, 71.0, 45.0, 58.0, 71.0])
('Merced-California', 'OZONE', [197.0, 201.0, 150.0, 206.0, 201.0, 192.0, 174.0, 204.0, 187.0, 185.0, 145.0, 147.0, 151.0, 203.0, 143.0, 151.0, 129.0, 151.0, 164.0, 156.0, 159.0])
('Mercer-New Jersey', 'OZONE', [203.0, 169.0, 197.0, 166.0, 206.0, 203.0, 197.0, 200.0, 185.0, 145.0, 159.0, 169.0, 177.0, 150.0, 108.0, 150.0, 135.0, 143.0, 122.0, 119.0, 147.0])
('Mercer-North Dakota', 'OZONE', [48.0, 51.0, 87.0, 61.0, 77.0, 46.0, 61.0, 77.0, 77.0, 48.0, 49.0, 100.0, 58.0, 61.0, 67.0, 71.0, 58.0, 87.0, 67.0, 77.0, 93.0])
('Mercer-Pennsylvania', 'OZONE', [166.0, 150.0, 159.0, 195.0, 150.0, 174.0, 174.0, 177.0, 192.0, 127.0, 151.0, 145.0, 127.0, 124.0, 119.0, 116.0, 124.0, 177.0, 147.0, 115.0, 129.0])
('Merrimack-New Hampshire', 'OZONE', [90.0, 132.0, 156.0, 122.0, 111.0, 101.0, 166.0, 140.0, 101.0, 142.0, 106.0, 97.0, 129.0, 77.0, 105.0, 106.0, 77.0, 101.0, 97.0, 101.0, 105.0])
('Miami-Ohio', 'OZONE', [161.0, 177.0, 156.0, 156.0, 172.0, 166.0, 151.0, 166.0, 200.0, 111.0, 124.0, 132.0, 119.0, 97.0, 105.0, 111.0, 106.0, 177.0, 105.0, 105.0, 105.0])
('Miami-Dade-Florida', 'OZONE', [132.0, 156.0, 132.0, 159.0, 147.0, 122.0, 154.0, 101.0, 140.0, 132.0, 100.0, 161.0, 106.0, 114.0, 119.0, 124.0, 109.0, 108.0, 119.0, 97.0, 84.0])
('Middlesex-Connecticut', 'OZONE', [204.0, 151.0, 212.0, 197.0, 206.0, 169.0, 190.0, 205.0, 190.0, 166.0, 187.0, 187.0, 190.0, 140.0, 136.0, 127.0, 137.0, 182.0, 179.0, 151.0, 147.0])
('Middlesex-Massachusetts', 'OZONE', [190.0, 137.0, 177.0, 201.0, 172.0, 159.0, 174.0, 187.0, 119.0, 124.0, 150.0, 122.0, 150.0, 137.0, 140.0, 109.0, 127.0, 159.0, 101.0, 97.0, 119.0])
('Middlesex-New Jersey', 'OZONE', [204.0, 174.0, 201.0, 169.0, 208.0, 192.0, 203.0, 200.0, 201.0, 159.0, 154.0, 177.0, 166.0, 147.0, 105.0, 147.0, 142.0, 143.0, 112.0, 174.0, 136.0])
('Milwaukee-Wisconsin', 'OZONE', [201.0, 201.0, 205.0, 156.0, 172.0, 132.0, 195.0, 177.0, 161.0, 161.0, 182.0, 124.0, 142.0, 87.0, 172.0, 142.0, 169.0, 185.0, 101.0, 129.0, 112.0])
('Mobile-Alabama', 'OZONE', [124.0, 147.0, 140.0, 177.0, 154.0, 161.0, 135.0, 124.0, 156.0, 135.0, 129.0, 140.0, 140.0, 124.0, 133.0, 116.0, 104.0, 126.0, 90.0, 115.0, 105.0])
('Monmouth-New Jersey', 'OZONE', [209.0, 177.0, 204.0, 187.0, 182.0, 202.0, 197.0, 204.0, 206.0, 159.0, 159.0, 166.0, 140.0, 135.0, 126.0, 150.0, 154.0, 161.0, 151.0, 122.0, 154.0])
('Monroe-New York', 'OZONE', [154.0, 111.0, 151.0, 124.0, 140.0, 142.0, 147.0, 179.0, 147.0, 61.0, 122.0, 119.0, 132.0, 122.0, 115.0, 93.0, 97.0, 151.0, 84.0, 97.0, 93.0])
('Monterey-California', 'OZONE', [104.0, 114.0, 101.0, 101.0, 90.0, 109.0, 109.0, 93.0, 114.0, 109.0, 67.0, 106.0, 84.0, 80.0, 140.0, 84.0, 61.0, 84.0, 93.0, 100.0, 87.0])
('Montezuma-Colorado', 'OZONE', [74.0, 97.0, 67.0, 84.0, 90.0, 116.0, 90.0, 106.0, 106.0, 93.0, 106.0, 122.0, 90.0, 87.0, 108.0, 104.0, 106.0, 105.0, 100.0, 93.0, 93.0])
('Montgomery-Alabama', 'OZONE', [116.0, 116.0, 97.0, 203.0, 174.0, 169.0, 124.0, 129.0, 100.0, 84.0, 111.0, 122.0, 132.0, 104.0, 93.0, 109.0, 93.0, 93.0, 87.0, 87.0, 115.0])
('Montgomery-Ohio', 'OZONE', [169.0, 192.0, 177.0, 154.0, 192.0, 166.0, 147.0, 185.0, 203.0, 93.0, 150.0, 122.0, 122.0, 150.0, 129.0, 116.0, 147.0, 169.0, 112.0, 100.0, 108.0])
('Montgomery-Pennsylvania', 'OZONE', [197.0, 161.0, 202.0, 185.0, 200.0, 207.0, 190.0, 169.0, 179.0, 124.0, 145.0, 135.0, 140.0, 151.0, 115.0, 135.0, 127.0, 126.0, 112.0, 122.0, 133.0])
('Morris-New Jersey', 'OZONE', [202.0, 172.0, 174.0, 172.0, 201.0, 197.0, 182.0, 206.0, 185.0, 114.0, 140.0, 161.0, 151.0, 127.0, 143.0, 147.0, 122.0, 156.0, 122.0, 112.0, 108.0])
('Muscogee-Georgia', 'OZONE', [159.0, 132.0, 151.0, 172.0, 164.0, 195.0, 116.0, 156.0, 119.0, 119.0, 124.0, 129.0, 135.0, 109.0, 93.0, 109.0, 87.0, 101.0, 93.0, 80.0, 97.0])
('Muskegon-Michigan', 'OZONE', [215.0, 206.0, 161.0, 161.0, 204.0, 190.0, 164.0, 187.0, 182.0, 109.0, 195.0, 166.0, 145.0, 159.0, 156.0, 109.0, 172.0, 195.0, 126.0, 129.0, 159.0])
('Napa-California', 'OZONE', [151.0, 100.0, 87.0, 159.0, 137.0, 61.0, 106.0, 116.0, 119.0, 90.0, 74.0, 90.0, 64.0, 104.0, 122.0, 135.0, 80.0, 80.0, 119.0, 87.0, 97.0])
('Nevada-California', 'OZONE', [142.0, 172.0, 164.0, 159.0, 169.0, 195.0, 177.0, 195.0, 169.0, 190.0, 203.0, 174.0, 151.0, 182.0, 164.0, 129.0, 129.0, 164.0, 140.0, 150.0, 166.0])
('New Haven-Connecticut', 'OZONE', [211.0, 179.0, 214.0, 179.0, 206.0, 203.0, 208.0, 208.0, 204.0, 190.0, 182.0, 197.0, 174.0, 174.0, 129.0, 116.0, 169.0, 187.0, 159.0, 126.0, 169.0])
('New London-Connecticut', 'OZONE', [202.0, 203.0, 215.0, 185.0, 207.0, 204.0, 159.0, 205.0, 195.0, 150.0, 145.0, 187.0, 154.0, 147.0, 143.0, 106.0, 132.0, 197.0, 164.0, 97.0, 151.0])
('Niagara-New York', 'OZONE', [164.0, 150.0, 135.0, 147.0, 142.0, 132.0, 192.0, 166.0, 187.0, 116.0, 159.0, 111.0, 135.0, 109.0, 129.0, 100.0, 124.0, 169.0, 101.0, 90.0, 101.0])
('Nueces-Texas', 'OZONE', [166.0, 145.0, 129.0, 156.0, 140.0, 137.0, 145.0, 161.0, 145.0, 145.0, 87.0, 122.0, 106.0, 109.0, 108.0, 106.0, 129.0, 147.0, 100.0, 105.0, 112.0])
('Oakland-Michigan', 'OZONE', [151.0, 114.0, 129.0, 159.0, 145.0, 116.0, 147.0, 164.0, 177.0, 109.0, 119.0, 114.0, 135.0, 104.0, 122.0, 116.0, 129.0, 192.0, 119.0, 112.0, 115.0])
('Ocean-New Jersey', 'OZONE', [213.0, 182.0, 214.0, 195.0, 201.0, 207.0, 203.0, 210.0, 201.0, 166.0, 182.0, 159.0, 140.0, 161.0, 150.0, 147.0, 164.0, 161.0, 119.0, 119.0, 161.0])
('Oconee-South Carolina', 'OZONE', [127.0, 109.0, 119.0, 161.0, 145.0, 127.0, 124.0, 154.0, 116.0, 122.0, 132.0, 77.0, 137.0, 106.0, 101.0, 101.0, 90.0, 97.0, 67.0, 90.0, 74.0])
('Ohio-West Virginia', 'OZONE', [142.0, 156.0, 147.0, 145.0, 151.0, 132.0, 156.0, 159.0, 190.0, 101.0, 154.0, 124.0, 114.0, 100.0, 115.0, 116.0, 106.0, 154.0, 112.0, 90.0, 112.0])
('Oklahoma-Oklahoma', 'OZONE', [169.0, 145.0, 145.0, 204.0, 135.0, 129.0, 140.0, 137.0, 145.0, 111.0, 135.0, 140.0, 135.0, 122.0, 122.0, 109.0, 132.0, 159.0, 147.0, 115.0, 115.0])
('Oldham-Kentucky', 'OZONE', [142.0, 172.0, 185.0, 192.0, 185.0, 150.0, 142.0, 174.0, 132.0, 106.0, 147.0, 127.0, 132.0, 135.0, 101.0, 137.0, 154.0, 204.0, 108.0, 101.0, 129.0])
('Oliver-North Dakota', 'OZONE', [49.0, 58.0, 87.0, 61.0, 80.0, 47.0, 67.0, 54.0, 74.0, 47.0, 50.0, 71.0, 64.0, 71.0, 74.0, 77.0, 58.0, 71.0, 84.0, 80.0, 101.0])
('Onondaga-New York', 'OZONE', [150.0, 109.0, 135.0, 132.0, 156.0, 154.0, 156.0, 156.0, 156.0, 80.0, 129.0, 104.0, 129.0, 124.0, 119.0, 116.0, 101.0, 133.0, 93.0, 93.0, 93.0])
('Orange-California', 'OZONE', [185.0, 169.0, 161.0, 200.0, 140.0, 187.0, 154.0, 145.0, 174.0, 154.0, 124.0, 197.0, 179.0, 172.0, 174.0, 151.0, 119.0, 126.0, 143.0, 156.0, 156.0])
('Orange-Florida', 'OZONE', [111.0, 135.0, 164.0, 182.0, 151.0, 150.0, 122.0, 135.0, 122.0, 119.0, 156.0, 132.0, 129.0, 122.0, 115.0, 111.0, 111.0, 140.0, 108.0, 126.0, 101.0])
('Orange-New York', 'OZONE', [172.0, 174.0, 140.0, 145.0, 197.0, 151.0, 156.0, 201.0, 140.0, 159.0, 150.0, 119.0, 169.0, 177.0, 108.0, 129.0, 142.0, 97.0, 67.0, 97.0, 147.0])
('Orange-Texas', 'OZONE', [151.0, 140.0, 203.0, 145.0, 74.0, 147.0, 140.0, 147.0, 159.0, 124.0, 124.0, 129.0, 124.0, 119.0, 161.0, 114.0, 129.0, 147.0, 129.0, 129.0, 100.0])
('Ottawa-Michigan', 'OZONE', [147.0, 179.0, 142.0, 159.0, 154.0, 164.0, 147.0, 156.0, 166.0, 97.0, 156.0, 174.0, 145.0, 122.0, 140.0, 101.0, 132.0, 161.0, 115.0, 112.0, 122.0])
('Ouachita-Louisiana', 'OZONE', [127.0, 106.0, 109.0, 114.0, 137.0, 150.0, 116.0, 124.0, 129.0, 104.0, 129.0, 106.0, 87.0, 50.0, 97.0, 87.0, 84.0, 67.0, 97.0, 77.0, 74.0])
('Outagamie-Wisconsin', 'OZONE', [137.0, 129.0, 127.0, 137.0, 156.0, 114.0, 137.0, 119.0, 124.0, 97.0, 119.0, 93.0, 119.0, 84.0, 90.0, 90.0, 101.0, 182.0, 105.0, 105.0, 97.0])
('Oxford-Maine', 'OZONE', [132.0, 119.0, 54.0, 100.0, 101.0, 67.0, 104.0, 124.0, 87.0, 77.0, 87.0, 58.0, 124.0, 67.0, 67.0, 47.0, 54.0, 87.0, 87.0, 90.0, 90.0])
('Ozaukee-Wisconsin', 'OZONE', [201.0, 192.0, 204.0, 174.0, 166.0, 140.0, 202.0, 177.0, 192.0, 116.0, 187.0, 145.0, 140.0, 84.0, 164.0, 137.0, 156.0, 192.0, 112.0, 119.0, 122.0])
('Palm Beach-Florida', 'OZONE', [80.0, 111.0, 87.0, 137.0, 127.0, 119.0, 147.0, 93.0, 101.0, 90.0, 90.0, 122.0, 90.0, 145.0, 93.0, 101.0, 114.0, 105.0, 101.0, 119.0, 90.0])
('Pasco-Florida', 'OZONE', [104.0, 106.0, 122.0, 159.0, 151.0, 135.0, 137.0, 106.0, 135.0, 116.0, 116.0, 137.0, 114.0, 119.0, 101.0, 80.0, 93.0, 100.0, 101.0, 108.0, 90.0])
('Paulding-Georgia', 'OZONE', [172.0, 172.0, 140.0, 204.0, 179.0, 142.0, 140.0, 179.0, 124.0, 104.0, 129.0, 151.0, 129.0, 122.0, 108.0, 124.0, 129.0, 133.0, 93.0, 80.0, 90.0])
('Penobscot-Maine', 'OZONE', [154.0, 93.0, 122.0, 151.0, 116.0, 90.0, 169.0, 154.0, 187.0, 101.0, 93.0, 104.0, 111.0, 90.0, 122.0, 74.0, 61.0, 87.0, 119.0, 71.0, 100.0])
('Peoria-Illinois', 'OZONE', [135.0, 122.0, 119.0, 129.0, 142.0, 100.0, 122.0, 145.0, 109.0, 100.0, 111.0, 93.0, 114.0, 84.0, 105.0, 90.0, 135.0, 140.0, 97.0, 100.0, 90.0])
('Perry-Kentucky', 'OZONE', [135.0, 119.0, 64.0, 111.0, 129.0, 116.0, 101.0, 132.0, 122.0, 87.0, 111.0, 100.0, 119.0, 100.0, 84.0, 100.0, 71.0, 126.0, 77.0, 84.0, 80.0])
('Philadelphia-Pennsylvania', 'OZONE', [205.0, 179.0, 202.0, 174.0, 202.0, 201.0, 195.0, 201.0, 172.0, 147.0, 172.0, 151.0, 187.0, 159.0, 147.0, 147.0, 147.0, 154.0, 119.0, 151.0, 161.0])
('Pickens-South Carolina', 'OZONE', [156.0, 156.0, 135.0, 164.0, 172.0, 150.0, 154.0, 161.0, 119.0, 111.0, 135.0, 140.0, 145.0, 127.0, 112.0, 109.0, 116.0, 100.0, 97.0, 90.0, 87.0])
('Pierce-Washington', 'OZONE', [109.0, 129.0, 90.0, 182.0, 140.0, 87.0, 114.0, 97.0, 124.0, 106.0, 97.0, 182.0, 124.0, 129.0, 93.0, 80.0, 51.0, 87.0, 71.0, 90.0, 87.0])
('Pike-Kentucky', 'OZONE', [174.0, 109.0, 80.0, 147.0, 140.0, 114.0, 114.0, 127.0, 101.0, 77.0, 90.0, 74.0, 116.0, 100.0, 87.0, 90.0, 80.0, 147.0, 77.0, 93.0, 77.0])
('Pima-Arizona', 'OZONE', [142.0, 122.0, 124.0, 111.0, 124.0, 114.0, 100.0, 137.0, 129.0, 100.0, 129.0, 119.0, 100.0, 111.0, 122.0, 100.0, 111.0, 112.0, 126.0, 129.0, 101.0])
('Pinellas-Florida', 'OZONE', [109.0, 119.0, 111.0, 192.0, 172.0, 135.0, 147.0, 109.0, 135.0, 114.0, 101.0, 129.0, 127.0, 116.0, 97.0, 84.0, 101.0, 108.0, 115.0, 112.0, 71.0])
('Placer-California', 'OZONE', [202.0, 187.0, 154.0, 202.0, 195.0, 179.0, 179.0, 200.0, 190.0, 166.0, 182.0, 197.0, 161.0, 192.0, 190.0, 174.0, 147.0, 166.0, 143.0, 151.0, 187.0])
('Polk-Florida', 'OZONE', [119.0, 114.0, 140.0, 174.0, 124.0, 122.0, 156.0, 101.0, 122.0, 104.0, 124.0, 135.0, 124.0, 106.0, 105.0, 104.0, 127.0, 154.0, 105.0, 90.0, 105.0])
('Polk-Iowa', 'OZONE', [114.0, 101.0, 77.0, 51.0, 74.0, 74.0, 64.0, 77.0, 47.0, 64.0, 109.0, 90.0, 97.0, 51.0, 64.0, 61.0, 77.0, 100.0, 77.0, 93.0, 84.0])
('Porter-Indiana', 'OZONE', [185.0, 203.0, 161.0, 192.0, 174.0, 164.0, 150.0, 202.0, 137.0, 122.0, 185.0, 106.0, 140.0, 116.0, 119.0, 111.0, 116.0, 206.0, 122.0, 108.0, 122.0])
('Preble-Ohio', 'OZONE', [150.0, 172.0, 156.0, 156.0, 129.0, 140.0, 114.0, 154.0, 132.0, 90.0, 129.0, 106.0, 109.0, 90.0, 119.0, 114.0, 114.0, 159.0, 97.0, 105.0, 105.0])
("Prince George's-Maryland", 'OZONE', [204.0, 169.0, 210.0, 190.0, 204.0, 201.0, 190.0, 203.0, 204.0, 161.0, 154.0, 166.0, 187.0, 154.0, 119.0, 147.0, 150.0, 197.0, 122.0, 119.0, 156.0])
('Prince William-Virginia', 'OZONE', [195.0, 135.0, 161.0, 195.0, 151.0, 145.0, 161.0, 182.0, 185.0, 154.0, 97.0, 156.0, 116.0, 116.0, 93.0, 145.0, 109.0, 140.0, 100.0, 119.0, 93.0])
('Providence-Rhode Island', 'OZONE', [202.0, 156.0, 154.0, 142.0, 151.0, 192.0, 182.0, 203.0, 172.0, 147.0, 150.0, 150.0, 151.0, 132.0, 119.0, 127.0, 106.0, 166.0, 150.0, 108.0, 159.0])
('Pulaski-Arkansas', 'OZONE', [161.0, 129.0, 127.0, 132.0, 156.0, 174.0, 132.0, 140.0, 127.0, 127.0, 145.0, 142.0, 135.0, 122.0, 150.0, 111.0, 122.0, 150.0, 108.0, 115.0, 100.0])
('Pulaski-Kentucky', 'OZONE', [174.0, 100.0, 116.0, 147.0, 156.0, 145.0, 109.0, 142.0, 104.0, 77.0, 106.0, 71.0, 122.0, 90.0, 84.0, 84.0, 90.0, 133.0, 80.0, 100.0, 80.0])
('Putnam-New York', 'OZONE', [179.0, 156.0, 166.0, 154.0, 177.0, 161.0, 190.0, 201.0, 156.0, 166.0, 203.0, 147.0, 135.0, 142.0, 129.0, 142.0, 114.0, 119.0, 108.0, 97.0, 140.0])
('Racine-Wisconsin', 'OZONE', [179.0, 192.0, 203.0, 192.0, 159.0, 129.0, 182.0, 197.0, 122.0, 140.0, 156.0, 111.0, 124.0, 84.0, 161.0, 122.0, 164.0, 177.0, 93.0, 105.0])
('Randolph-Illinois', 'OZONE', [182.0, 142.0, 100.0, 124.0, 132.0, 127.0, 116.0, 145.0, 114.0, 80.0, 109.0, 104.0, 116.0, 71.0, 77.0, 80.0, 80.0, 161.0, 93.0, 122.0, 90.0])
('Richland-South Carolina', 'OZONE', [145.0, 154.0, 161.0, 192.0, 166.0, 166.0, 154.0, 172.0, 145.0, 156.0, 151.0, 140.0, 140.0, 145.0, 101.0, 114.0, 124.0, 119.0, 97.0, 93.0, 87.0])
('Richmond-Georgia', 'OZONE', [159.0, 145.0, 154.0, 201.0, 161.0, 190.0, 166.0, 161.0, 116.0, 135.0, 132.0, 145.0, 140.0, 114.0, 100.0, 114.0, 106.0, 143.0, 100.0, 77.0, 87.0])
('Richmond-New York', 'OZONE', [201.0, 150.0, 209.0, 179.0, 208.0, 202.0, 187.0, 190.0, 197.0, 177.0, 164.0, 195.0, 154.0, 100.0, 150.0, 195.0, 145.0, 147.0, 151.0, 187.0, 150.0])
('Riverside-California', 'OZONE', [218.0, 219.0, 213.0, 221.0, 204.0, 205.0, 208.0, 206.0, 213.0, 201.0, 207.0, 203.0, 207.0, 203.0, 204.0, 192.0, 200.0, 192.0, 197.0, 200.0, 200.0])
('Roanoke-Virginia', 'OZONE', [129.0, 101.0, 132.0, 190.0, 159.0, 151.0, 150.0, 159.0, 140.0, 106.0, 109.0, 119.0, 127.0, 114.0, 93.0, 101.0, 97.0, 122.0, 80.0, 71.0, 90.0])
('Rock-Wisconsin', 'OZONE', [156.0, 154.0, 137.0, 140.0, 154.0, 147.0, 137.0, 150.0, 116.0, 114.0, 124.0, 97.0, 116.0, 77.0, 93.0, 87.0, 93.0, 143.0, 105.0, 119.0, 100.0])
('Rock Island-Illinois', 'OZONE', [106.0, 104.0, 87.0, 97.0, 119.0, 84.0, 116.0, 122.0, 122.0, 101.0, 114.0, 100.0, 111.0, 58.0, 90.0, 49.0, 58.0, 101.0, 77.0, 74.0, 105.0])
('Rockdale-Georgia', 'OZONE', [208.0, 203.0, 206.0, 203.0, 206.0, 201.0, 182.0, 202.0, 132.0, 166.0, 156.0, 182.0, 192.0, 182.0, 154.0, 124.0, 140.0, 179.0, 108.0, 150.0, 136.0])
('Rockingham-New Hampshire', 'OZONE', [174.0, 137.0, 203.0, 161.0, 190.0, 114.0, 177.0, 187.0, 114.0, 156.0, 116.0, 106.0, 154.0, 119.0, 143.0, 114.0, 127.0, 143.0, 119.0, 112.0, 126.0])
('Rockingham-North Carolina', 'OZONE', [116.0, 179.0, 156.0, 166.0, 161.0, 156.0, 156.0, 200.0, 129.0, 106.0, 111.0, 132.0, 127.0, 137.0, 101.0, 132.0, 109.0, 129.0, 105.0, 101.0, 112.0])
('Rowan-North Carolina', 'OZONE', [187.0, 187.0, 201.0, 190.0, 207.0, 174.0, 203.0, 202.0, 201.0, 151.0, 151.0, 156.0, 174.0, 150.0, 129.0, 145.0, 135.0, 206.0, 108.0, 93.0, 122.0])
('Sagadahoc-Maine', 'OZONE', [205.0, 154.0, 201.0, 201.0, 182.0, 129.0, 164.0, 132.0, 145.0, 135.0, 93.0, 154.0, 90.0, 97.0, 87.0, 71.0, 90.0, 108.0, 80.0, 74.0])
('Saint Charles-Missouri', 'OZONE', [204.0, 208.0, 192.0, 201.0, 206.0, 159.0, 159.0, 197.0, 154.0, 114.0, 164.0, 154.0, 159.0, 135.0, 136.0, 140.0, 145.0, 185.0, 156.0, 126.0, 126.0])
('Saint Clair-Illinois', 'OZONE', [192.0, 119.0, 127.0, 161.0, 151.0, 137.0, 116.0, 169.0, 190.0, 106.0, 187.0, 156.0, 145.0, 87.0, 177.0, 124.0, 127.0, 166.0, 101.0, 112.0, 115.0])
('Saint Louis-Missouri', 'OZONE', [195.0, 182.0, 161.0, 204.0, 202.0, 156.0, 140.0, 197.0, 179.0, 101.0, 182.0, 156.0, 169.0, 106.0, 115.0, 111.0, 140.0, 172.0, 150.0, 115.0, 115.0])
('Salt Lake-Utah', 'OZONE', [161.0, 190.0, 127.0, 182.0, 190.0, 190.0, 185.0, 151.0, 140.0, 104.0, 161.0, 137.0, 151.0, 132.0, 136.0, 140.0, 119.0, 151.0, 147.0, 122.0, 143.0])
('San Benito-California', 'OZONE', [166.0, 164.0, 140.0, 154.0, 124.0, 122.0, 132.0, 147.0, 132.0, 119.0, 124.0, 132.0, 119.0, 147.0, 108.0, 106.0, 93.0, 133.0, 112.0, 115.0, 93.0])
('San Bernardino-California', 'OZONE', [234.0, 223.0, 211.0, 236.0, 211.0, 214.0, 212.0, 210.0, 215.0, 212.0, 212.0, 211.0, 209.0, 205.0, 224.0, 204.0, 209.0, 207.0, 218.0, 201.0, 223.0])
('San Diego-California', 'OZONE', [203.0, 201.0, 192.0, 211.0, 161.0, 177.0, 201.0, 161.0, 169.0, 150.0, 135.0, 161.0, 142.0, 185.0, 179.0, 137.0, 145.0, 143.0, 140.0, 154.0, 147.0])
('San Francisco-California', 'OZONE', [74.0, 42.0, 50.0, 39.0, 48.0, 36.0, 46.0, 42.0, 50.0, 50.0, 47.0, 39.0, 45.0, 71.0, 54.0, 43.0, 46.0, 44.0, 64.0, 97.0, 90.0])
('San Joaquin-California', 'OZONE', [179.0, 151.0, 159.0, 161.0, 195.0, 147.0, 142.0, 151.0, 135.0, 154.0, 127.0, 169.0, 119.0, 169.0, 177.0, 150.0, 129.0, 182.0, 140.0, 147.0, 164.0])
('San Juan-Utah', 'OZONE', [111.0, 109.0, 87.0, 101.0, 111.0, 109.0, 87.0, 100.0, 104.0, 104.0, 106.0, 93.0, 97.0, 100.0, 112.0, 101.0, 93.0, 129.0, 97.0, 100.0, 105.0])
('San Luis Obispo-California', 'OZONE', [129.0, 201.0, 104.0, 195.0, 119.0, 111.0, 114.0, 119.0, 135.0, 101.0, 124.0, 150.0, 132.0, 154.0, 129.0, 137.0, 111.0, 154.0, 136.0, 126.0, 115.0])
('San Mateo-California', 'OZONE', [159.0, 74.0, 93.0, 45.0, 61.0, 61.0, 74.0, 61.0, 106.0, 87.0, 54.0, 61.0, 80.0, 80.0, 77.0, 104.0, 54.0, 50.0, 115.0, 84.0, 101.0])
('Sandoval-New Mexico', 'OZONE', [129.0, 124.0, 106.0, 106.0, 129.0, 111.0, 97.0, 116.0, 109.0, 104.0, 114.0, 101.0, 114.0, 80.0, 97.0, 84.0, 84.0, 100.0, 97.0, 80.0, 97.0])
('Sangamon-Illinois', 'OZONE', [147.0, 127.0, 101.0, 116.0, 140.0, 140.0, 150.0, 122.0, 111.0, 87.0, 106.0, 97.0, 114.0, 64.0, 80.0, 90.0, 129.0, 136.0, 100.0, 74.0, 84.0])
('Santa Barbara-California', 'OZONE', [202.0, 203.0, 182.0, 203.0, 187.0, 129.0, 177.0, 137.0, 166.0, 166.0, 116.0, 116.0, 127.0, 127.0, 172.0, 119.0, 137.0, 136.0, 122.0, 159.0, 101.0])
('Santa Clara-California', 'OZONE', [185.0, 169.0, 122.0, 190.0, 166.0, 164.0, 151.0, 159.0, 164.0, 122.0, 129.0, 174.0, 93.0, 154.0, 140.0, 140.0, 100.0, 122.0, 129.0, 126.0, 147.0])
('Santa Cruz-California', 'OZONE', [84.0, 132.0, 87.0, 104.0, 90.0, 106.0, 93.0, 104.0, 97.0, 119.0, 71.0, 87.0, 80.0, 100.0, 87.0, 50.0, 64.0, 101.0, 87.0, 93.0, 67.0])
('Sarasota-Florida', 'OZONE', [129.0, 124.0, 142.0, 182.0, 151.0, 151.0, 174.0, 114.0, 154.0, 156.0, 127.0, 129.0, 116.0, 135.0, 119.0, 111.0, 119.0, 119.0, 122.0, 105.0, 105.0])
('Saratoga-New York', 'OZONE', [145.0, 129.0, 151.0, 161.0, 161.0, 154.0, 166.0, 166.0, 161.0, 151.0, 147.0, 135.0, 132.0, 132.0, 122.0, 90.0, 93.0, 108.0, 93.0, 74.0, 105.0])
('Sauk-Wisconsin', 'OZONE', [159.0, 111.0, 119.0, 129.0, 159.0, 122.0, 104.0, 111.0, 106.0, 84.0, 122.0, 87.0, 116.0, 97.0, 84.0, 74.0, 74.0, 151.0, 90.0, 115.0, 90.0])
('Seminole-Florida', 'OZONE', [127.0, 97.0, 116.0, 150.0, 135.0, 142.0, 129.0, 114.0, 111.0, 106.0, 116.0, 129.0, 116.0, 104.0, 84.0, 90.0, 114.0, 112.0, 93.0, 97.0, 80.0])
('Sevier-Tennessee', 'OZONE', [182.0, 147.0, 172.0, 195.0, 179.0, 190.0, 169.0, 179.0, 156.0, 127.0, 132.0, 135.0, 142.0, 127.0, 112.0, 122.0, 127.0, 154.0, 100.0, 97.0, 93.0])
('Sheboygan-Wisconsin', 'OZONE', [190.0, 177.0, 204.0, 174.0, 174.0, 174.0, 201.0, 204.0, 195.0, 116.0, 187.0, 185.0, 142.0, 109.0, 174.0, 142.0, 190.0, 192.0, 140.0, 129.0, 159.0])
('Shelby-Alabama', 'OZONE', [187.0, 172.0, 166.0, 201.0, 201.0, 202.0, 172.0, 187.0, 132.0, 154.0, 154.0, 145.0, 156.0, 142.0, 119.0, 132.0, 142.0, 150.0, 101.0, 119.0, 115.0])
('Shelby-Tennessee', 'OZONE', [187.0, 164.0, 179.0, 204.0, 187.0, 177.0, 197.0, 145.0, 147.0, 116.0, 147.0, 174.0, 159.0, 164.0, 119.0, 114.0, 150.0, 220.0, 122.0, 136.0, 129.0])
('Siskiyou-California', 'OZONE', [58.0, 61.0, 97.0, 87.0, 74.0, 87.0, 32.0, 100.0, 97.0, 87.0, 64.0, 90.0, 64.0, 100.0, 74.0, 74.0, 54.0, 101.0, 101.0, 84.0, 87.0])
('Smith-Texas', 'OZONE', [161.0, 154.0, 142.0, 159.0, 203.0, 137.0, 127.0, 137.0, 129.0, 140.0, 132.0, 135.0, 119.0, 164.0, 143.0, 100.0, 124.0, 147.0, 126.0, 100.0, 108.0])
('Spartanburg-South Carolina', 'OZONE', [169.0, 174.0, 145.0, 169.0, 187.0, 161.0, 147.0, 179.0, 147.0, 132.0, 127.0, 147.0, 129.0, 147.0, 101.0, 116.0, 132.0, 93.0, 105.0, 93.0, 97.0])
('Spokane-Washington', 'OZONE', [100.0, 90.0, 104.0, 97.0, 77.0, 100.0, 109.0, 100.0, 114.0, 100.0, 90.0, 104.0, 90.0, 64.0, 74.0, 74.0, 54.0, 100.0, 100.0, 100.0, 105.0])
('St. Bernard-Louisiana', 'OZONE', [132.0, 135.0, 114.0, 169.0, 137.0, 140.0, 122.0, 147.0, 169.0, 147.0, 135.0, 101.0, 119.0, 87.0, 133.0, 116.0, 119.0, 119.0, 115.0, 112.0, 93.0])
('St. John the Baptist-Louisiana', 'OZONE', [166.0, 164.0, 145.0, 169.0, 145.0, 166.0, 124.0, 111.0, 129.0, 111.0, 127.0, 140.0, 122.0, 97.0, 133.0, 100.0, 127.0, 129.0, 105.0, 108.0, 105.0])
('St. Louis City-Missouri', 'OZONE', [195.0, 154.0, 156.0, 172.0, 185.0, 142.0, 122.0, 190.0, 201.0, 104.0, 159.0, 124.0, 195.0, 111.0, 166.0, 106.0, 154.0, 174.0, 115.0, 101.0, 93.0])
('St. Lucie-Florida', 'OZONE', [64.0, 77.0, 93.0, 132.0, 111.0, 100.0, 140.0, 100.0, 87.0, 106.0, 97.0, 97.0, 77.0, 80.0, 84.0, 77.0, 84.0, 101.0, 122.0, 84.0])
('Stanislaus-California', 'OZONE', [190.0, 190.0, 161.0, 204.0, 172.0, 179.0, 161.0, 195.0, 161.0, 135.0, 147.0, 154.0, 132.0, 206.0, 192.0, 151.0, 145.0, 201.0, 147.0, 164.0, 187.0])
('Stark-Ohio', 'OZONE', [174.0, 145.0, 154.0, 197.0, 192.0, 164.0, 161.0, 169.0, 201.0, 127.0, 177.0, 124.0, 156.0, 116.0, 97.0, 132.0, 129.0, 192.0, 112.0, 108.0, 108.0])
('Suffolk-New York', 'OZONE', [201.0, 159.0, 202.0, 203.0, 192.0, 203.0, 201.0, 206.0, 201.0, 137.0, 164.0, 206.0, 151.0, 164.0, 151.0, 142.0, 197.0, 174.0, 159.0, 136.0, 150.0])
('Suffolk City-Virginia', 'OZONE', [174.0, 127.0, 161.0, 156.0, 190.0, 140.0, 182.0, 190.0, 187.0, 159.0, 127.0, 140.0, 150.0, 150.0, 100.0, 137.0, 114.0, 129.0, 115.0, 84.0, 93.0])
('Summit-Ohio', 'OZONE', [159.0, 159.0, 156.0, 197.0, 154.0, 159.0, 182.0, 192.0, 185.0, 129.0, 151.0, 116.0, 154.0, 140.0, 105.0, 116.0, 124.0, 151.0, 100.0, 87.0, 93.0])
('Sumner-Tennessee', 'OZONE', [182.0, 179.0, 187.0, 190.0, 187.0, 182.0, 169.0, 145.0, 150.0, 122.0, 154.0, 156.0, 172.0, 137.0, 129.0, 132.0, 127.0, 179.0, 100.0, 122.0, 112.0])
('Sumter-Alabama', 'OZONE', [101.0, 93.0, 67.0, 104.0, 114.0, 122.0, 140.0, 154.0, 77.0, 77.0, 97.0, 101.0, 116.0, 67.0, 61.0, 101.0, 77.0, 90.0, 74.0, 74.0])
('Sussex-Delaware', 'OZONE', [172.0, 161.0, 200.0, 187.0, 172.0, 161.0, 177.0, 159.0, 203.0, 129.0, 190.0, 135.0, 122.0, 140.0, 105.0, 156.0, 147.0, 200.0, 136.0, 105.0, 115.0])
('Sutter-California', 'OZONE', [169.0, 166.0, 142.0, 166.0, 154.0, 142.0, 145.0, 169.0, 159.0, 135.0, 119.0, 154.0, 124.0, 195.0, 122.0, 100.0, 109.0, 150.0, 126.0, 156.0, 119.0])
('Swain-North Carolina', 'OZONE', [84.0, 67.0, 109.0, 127.0, 116.0, 101.0, 100.0, 122.0, 106.0, 84.0, 101.0, 77.0, 100.0, 84.0, 84.0, 80.0, 58.0, 84.0, 93.0, 84.0, 87.0])
('Tarrant-Texas', 'OZONE', [204.0, 200.0, 177.0, 201.0, 208.0, 174.0, 204.0, 205.0, 182.0, 182.0, 201.0, 179.0, 203.0, 156.0, 187.0, 147.0, 169.0, 205.0, 187.0, 156.0, 172.0])
('Tehama-California', 'OZONE', [169.0, 122.0, 145.0, 192.0, 182.0, 132.0, 124.0, 150.0, 132.0, 135.0, 127.0, 142.0, 129.0, 172.0, 136.0, 114.0, 104.0, 150.0, 136.0, 151.0, 136.0])
('Teton-Wyoming', 'OZONE', [64.0, 84.0, 67.0, 80.0, 106.0, 84.0, 77.0, 84.0, 87.0, 58.0, 80.0, 116.0, 80.0, 77.0, 169.0, 74.0, 74.0, 105.0, 80.0, 97.0, 80.0])
('Travis-Texas', 'OZONE', [154.0, 122.0, 154.0, 150.0, 169.0, 161.0, 124.0, 161.0, 151.0, 142.0, 132.0, 140.0, 145.0, 106.0, 133.0, 104.0, 116.0, 172.0, 129.0, 97.0, 150.0])
('Trumbull-Ohio', 'OZONE', [166.0, 154.0, 161.0, 187.0, 156.0, 164.0, 164.0, 177.0, 200.0, 135.0, 150.0, 135.0, 142.0, 116.0, 108.0, 135.0, 116.0, 187.0, 133.0, 126.0, 112.0])
('Tulare-California', 'OZONE', [192.0, 190.0, 177.0, 203.0, 192.0, 182.0, 190.0, 201.0, 200.0, 169.0, 192.0, 185.0, 166.0, 203.0, 187.0, 172.0, 169.0, 195.0, 201.0, 169.0, 164.0])
('Tulsa-Oklahoma', 'OZONE', [200.0, 192.0, 137.0, 201.0, 169.0, 204.0, 187.0, 159.0, 147.0, 114.0, 142.0, 192.0, 150.0, 161.0, 172.0, 106.0, 150.0, 201.0, 136.0, 112.0, 147.0])
('Tuolumne-California', 'OZONE', [174.0, 182.0, 179.0, 179.0, 169.0, 172.0, 154.0, 164.0, 132.0, 116.0, 135.0, 119.0, 145.0, 197.0, 129.0, 122.0, 106.0, 136.0, 119.0, 133.0, 126.0])
('Vanderburgh-Indiana', 'OZONE', [164.0, 169.0, 174.0, 190.0, 164.0, 124.0, 109.0, 174.0, 135.0, 106.0, 137.0, 150.0, 140.0, 119.0, 119.0, 104.0, 124.0, 161.0, 108.0, 108.0, 133.0])
('Ventura-California', 'OZONE', [212.0, 205.0, 197.0, 214.0, 192.0, 182.0, 195.0, 185.0, 197.0, 156.0, 161.0, 172.0, 164.0, 150.0, 174.0, 137.0, 127.0, 154.0, 159.0, 150.0, 126.0])
('Vigo-Indiana', 'OZONE', [140.0, 174.0, 159.0, 145.0, 142.0, 129.0, 137.0, 172.0, 137.0, 106.0, 124.0, 101.0, 124.0, 100.0, 93.0, 71.0, 101.0, 136.0, 97.0, 93.0, 90.0])
('Vilas-Wisconsin', 'OZONE', [106.0, 104.0, 90.0, 114.0, 129.0, 104.0, 97.0, 80.0, 101.0, 100.0, 109.0, 80.0, 124.0, 87.0, 84.0, 80.0, 80.0, 108.0, 80.0, 112.0, 84.0])
('Volusia-Florida', 'OZONE', [104.0, 90.0, 111.0, 142.0, 114.0, 140.0, 114.0, 106.0, 104.0, 106.0, 111.0, 101.0, 111.0, 84.0, 77.0, 87.0, 84.0, 101.0, 90.0, 108.0, 74.0])
('Wake-North Carolina', 'OZONE', [159.0, 161.0, 197.0, 202.0, 204.0, 197.0, 145.0, 187.0, 200.0, 124.0, 137.0, 119.0, 142.0, 124.0, 112.0, 119.0, 132.0, 161.0, 80.0, 100.0, 101.0])
('Walworth-Wisconsin', 'OZONE', [151.0, 145.0, 142.0, 140.0, 187.0, 119.0, 164.0, 156.0, 127.0, 109.0, 137.0, 109.0, 129.0, 90.0, 119.0, 84.0, 97.0, 174.0, 115.0, 140.0, 108.0])
('Warrick-Indiana', 'OZONE', [182.0, 169.0, 185.0, 202.0, 164.0, 114.0, 140.0, 195.0, 164.0, 122.0, 151.0, 129.0, 127.0, 101.0, 101.0, 104.0, 135.0, 159.0, 97.0, 105.0, 115.0])
('Washington-Ohio', 'OZONE', [159.0, 161.0, 151.0, 174.0, 202.0, 154.0, 150.0, 177.0, 205.0, 109.0, 154.0, 142.0, 140.0, 150.0, 100.0, 109.0, 119.0, 150.0, 112.0, 112.0, 115.0])
('Washington-Pennsylvania', 'OZONE', [172.0, 169.0, 179.0, 201.0, 185.0, 174.0, 159.0, 185.0, 203.0, 114.0, 142.0, 124.0, 122.0, 114.0, 101.0, 129.0, 109.0, 143.0, 147.0, 101.0, 119.0])
('Washoe-Nevada', 'OZONE', [106.0, 116.0, 93.0, 111.0, 137.0, 90.0, 114.0, 114.0, 137.0, 106.0, 90.0, 104.0, 100.0, 151.0, 108.0, 104.0, 114.0, 122.0, 108.0, 119.0, 115.0])
('Washtenaw-Michigan', 'OZONE', [142.0, 150.0, 129.0, 145.0, 177.0, 122.0, 179.0, 154.0, 177.0, 104.0, 151.0, 106.0, 132.0, 93.0, 93.0, 97.0, 129.0, 164.0, 101.0, 126.0, 90.0])
('Waukesha-Wisconsin', 'OZONE', [166.0, 137.0, 151.0, 124.0, 166.0, 114.0, 137.0, 147.0, 129.0, 106.0, 135.0, 100.0, 100.0, 74.0, 80.0, 77.0, 100.0, 159.0, 67.0, 112.0, 105.0])
('Wayne-Michigan', 'OZONE', [159.0, 145.0, 161.0, 169.0, 166.0, 132.0, 154.0, 156.0, 169.0, 104.0, 142.0, 122.0, 154.0, 119.0, 151.0, 116.0, 129.0, 208.0, 129.0, 147.0, 133.0])
('Wayne-New York', 'OZONE', [164.0, 104.0, 154.0, 145.0, 169.0, 142.0, 172.0, 166.0, 164.0, 93.0, 97.0, 101.0, 111.0, 124.0, 97.0, 97.0, 80.0, 126.0, 93.0, 119.0, 93.0])
('Weber-Utah', 'OZONE', [127.0, 124.0, 135.0, 154.0, 124.0, 164.0, 137.0, 142.0, 142.0, 100.0, 135.0, 140.0, 150.0, 114.0, 129.0, 119.0, 111.0, 136.0, 156.0, 122.0, 133.0])
('Weld-Colorado', 'OZONE', [100.0, 97.0, 93.0, 116.0, 93.0, 101.0, 122.0, 116.0, 145.0, 87.0, 122.0, 137.0, 101.0, 104.0, 101.0, 106.0, 114.0, 161.0, 133.0, 126.0, 133.0])
('West Baton Rouge-Louisiana', 'OZONE', [154.0, 164.0, 156.0, 187.0, 182.0, 197.0, 174.0, 119.0, 192.0, 124.0, 154.0, 166.0, 111.0, 101.0, 126.0, 100.0, 166.0, 159.0, 101.0, 112.0, 143.0])
('Westchester-New York', 'OZONE', [185.0, 159.0, 161.0, 147.0, 202.0, 187.0, 179.0, 203.0, 154.0, 109.0, 177.0, 192.0, 164.0, 164.0, 119.0, 124.0, 156.0, 151.0, 136.0, 154.0, 140.0])
('Westmoreland-Pennsylvania', 'OZONE', [179.0, 145.0, 182.0, 135.0, 208.0, 150.0, 150.0, 179.0, 187.0, 122.0, 154.0, 127.0, 132.0, 119.0, 100.0, 150.0, 104.0, 156.0, 129.0, 105.0, 147.0])
('Will-Illinois', 'OZONE', [156.0, 122.0, 135.0, 135.0, 145.0, 127.0, 127.0, 150.0, 145.0, 101.0, 116.0, 106.0, 100.0, 64.0, 97.0, 100.0, 140.0, 119.0, 80.0, 97.0, 93.0])
('Wilson-Tennessee', 'OZONE', [154.0, 154.0, 154.0, 150.0, 202.0, 156.0, 122.0, 182.0, 135.0, 111.0, 129.0, 127.0, 145.0, 114.0, 100.0, 106.0, 111.0, 187.0, 77.0, 87.0, 93.0])
('Winnebago-Illinois', 'OZONE', [156.0, 137.0, 116.0, 104.0, 124.0, 106.0, 116.0, 142.0, 114.0, 97.0, 111.0, 77.0, 104.0, 54.0, 97.0, 71.0, 100.0, 115.0, 84.0, 105.0, 108.0])
('Worcester-Massachusetts', 'OZONE', [182.0, 111.0, 154.0, 204.0, 164.0, 150.0, 166.0, 202.0, 135.0, 116.0, 142.0, 140.0, 151.0, 172.0, 151.0, 119.0, 135.0, 166.0, 112.0, 115.0, 93.0])
('Wyandotte-Kansas', 'OZONE', [177.0, 159.0, 145.0, 195.0, 109.0, 132.0, 119.0, 127.0, 151.0, 80.0, 200.0, 159.0, 109.0, 71.0, 108.0, 58.0, 74.0, 169.0, 100.0, 119.0, 87.0])
('Wythe-Virginia', 'OZONE', [137.0, 106.0, 135.0, 151.0, 142.0, 129.0, 124.0, 145.0, 150.0, 111.0, 122.0, 93.0, 104.0, 101.0, 80.0, 90.0, 84.0, 133.0, 87.0, 87.0, 74.0])
('Yancey-North Carolina', 'OZONE', [174.0, 119.0, 114.0, 122.0, 159.0, 154.0, 127.0, 150.0, 129.0, 93.0, 124.0, 109.0, 137.0, 111.0, 97.0, 109.0, 106.0, 156.0, 93.0, 97.0, 97.0])
('Yolo-California', 'OZONE', [140.0, 172.0, 127.0, 166.0, 147.0, 135.0, 145.0, 140.0, 122.0, 100.0, 127.0, 147.0, 140.0, 156.0, 140.0, 90.0, 116.0, 133.0, 90.0, 101.0, 101.0])
('York-Maine', 'OZONE', [203.0, 151.0, 202.0, 192.0, 197.0, 135.0, 179.0, 203.0, 145.0, 161.0, 122.0, 116.0, 159.0, 111.0, 154.0, 150.0, 127.0, 140.0, 147.0, 101.0, 136.0])
('York-Pennsylvania', 'OZONE', [140.0, 132.0, 166.0, 166.0, 187.0, 177.0, 145.0, 177.0, 179.0, 127.0, 154.0, 122.0, 140.0, 151.0, 126.0, 132.0, 122.0, 166.0, 143.0, 100.0, 126.0])
('York-South Carolina', 'OZONE', [182.0, 145.0, 137.0, 156.0, 159.0, 132.0, 122.0, 164.0, 109.0, 122.0, 127.0, 142.0, 124.0, 104.0, 80.0, 80.0, 80.0, 143.0, 87.0, 100.0, 100.0])
('Yuma-Arizona', 'OZONE', [119.0, 124.0, 122.0, 150.0, 129.0, 77.0, 116.0, 140.0, 100.0, 116.0, 106.0, 124.0, 122.0, 105.0, 122.0, 116.0, 166.0, 129.0, 166.0, 147.0])
